experiment 	well	cell_number	concentration	tra1.60	individual.1	individual.2	individual.3	individual.4	fly	worm	ERCC	index
03162017	A01	1	0.679004737	1	19098	18522	18505	18520	50000	50	NA	1
03162017	A02	1	1.643079195	1	19098	18522	18505	18520	50000	50	NA	1
03162017	A03	1	0.403476409	1	19098	18522	18505	18520	50000	50	NA	1
03162017	A04	0	0.999287336	1	19098	18522	18505	18520	50000	50	NA	1
03162017	A05	1	0.326588582	1	19098	18522	18505	18520	50000	50	NA	1
03162017	A06	1	1.666853898	1	19098	18522	18505	18520	50000	50	NA	1
03162017	A07	1	1.384524374	1	19098	18522	18505	18520	50000	50	NA	1
03162017	A08	1	1.487713263	1	19098	18522	18505	18520	50000	50	NA	1
03162017	A09	1	1.565663717	1	19098	18522	18505	18520	50000	50	NA	1
03162017	A10	1	1.259191477	1	19098	18522	18505	18520	50000	50	NA	1
03162017	A11	1	0.315129749	1	19098	18522	18505	18520	50000	50	NA	1
03162017	A12	1	1.436551763	1	19098	18522	18505	18520	50000	50	NA	1
03162017	B01	1	1.703749357	1	19098	18522	18505	18520	50000	50	NA	1
03162017	B02	1	0.596187761	1	19098	18522	18505	18520	50000	50	NA	1
03162017	B03	1	2.021666129	1	19098	18522	18505	18520	50000	50	NA	1
03162017	B04	1	0.206908344	1	19098	18522	18505	18520	50000	50	NA	1
03162017	B05	1	1.08678321	1	19098	18522	18505	18520	50000	50	NA	1
03162017	B06	0	0.335804232	1	19098	18522	18505	18520	50000	50	NA	1
03162017	B07	1	1.497688983	1	19098	18522	18505	18520	50000	50	NA	1
03162017	B08	1	0.451070754	1	19098	18522	18505	18520	50000	50	NA	1
03162017	B09	1	1.849739769	1	19098	18522	18505	18520	50000	50	NA	1
03162017	B10	1	1.553552701	1	19098	18522	18505	18520	50000	50	NA	1
03162017	B11	1	1.980001549	1	19098	18522	18505	18520	50000	50	NA	1
03162017	B12	1	1.484535969	1	19098	18522	18505	18520	50000	50	NA	1
03162017	C01	1	0.656234873	1	19098	18522	18505	18520	50000	50	NA	1
03162017	C02	1	1.70504834	1	19098	18522	18505	18520	50000	50	NA	1
03162017	C03	1	1.533677283	1	19098	18522	18505	18520	50000	50	NA	1
03162017	C04	1	1.46990324	1	19098	18522	18505	18520	50000	50	NA	1
03162017	C05	1	1.334877274	1	19098	18522	18505	18520	50000	50	NA	1
03162017	C06	1	1.665490465	1	19098	18522	18505	18520	50000	50	NA	1
03162017	C07	1	1.641278886	1	19098	18522	18505	18520	50000	50	NA	1
03162017	C08	1	0.529290318	1	19098	18522	18505	18520	50000	50	NA	1
03162017	C09	1	1.325362388	1	19098	18522	18505	18520	50000	50	NA	1
03162017	C10	1	1.710408634	1	19098	18522	18505	18520	50000	50	NA	1
03162017	C11	1	0.911369604	1	19098	18522	18505	18520	50000	50	NA	1
03162017	C12	1	0.916221464	1	19098	18522	18505	18520	50000	50	NA	1
03162017	D01	1	2.284311742	0	19098	18522	18505	18520	50000	50	NA	1
03162017	D02	1	0.241563476	1	19098	18522	18505	18520	50000	50	NA	1
03162017	D03	1	1.080327462	1	19098	18522	18505	18520	50000	50	NA	1
03162017	D04	1	0.806358968	1	19098	18522	18505	18520	50000	50	NA	1
03162017	D05	1	0.312010077	1	19098	18522	18505	18520	50000	50	NA	1
03162017	D06	1	1.185771287	1	19098	18522	18505	18520	50000	50	NA	1
03162017	D07	1	0.156624483	1	19098	18522	18505	18520	50000	50	NA	1
03162017	D08	1	0.115705253	1	19098	18522	18505	18520	50000	50	NA	1
03162017	D09	1	0.359223276	1	19098	18522	18505	18520	50000	50	NA	1
03162017	D10	1	0.859781729	1	19098	18522	18505	18520	50000	50	NA	1
03162017	D11	1	1.090273022	1	19098	18522	18505	18520	50000	50	NA	1
03162017	D12	1	1.065750382	1	19098	18522	18505	18520	50000	50	NA	1
03162017	E01	1	0.103334314	1	19098	18522	18505	18520	50000	50	NA	1
03162017	E02	1	0.100790358	1	19098	18522	18505	18520	50000	50	NA	1
03162017	E03	1	0.184662128	1	19098	18522	18505	18520	50000	50	NA	1
03162017	E04	1	0.811357077	1	19098	18522	18505	18520	50000	50	NA	1
03162017	E05	1	0.868838532	1	19098	18522	18505	18520	50000	50	NA	1
03162017	E06	1	0.467794027	1	19098	18522	18505	18520	50000	50	NA	1
03162017	E07	1	0.109382862	1	19098	18522	18505	18520	50000	50	NA	1
03162017	E08	1	0.126911093	1	19098	18522	18505	18520	50000	50	NA	1
03162017	E09	1	0.13330627	1	19098	18522	18505	18520	50000	50	NA	1
03162017	E10	1	0.453427513	0	19098	18522	18505	18520	50000	50	NA	1
03162017	E11	1	0.611165257	1	19098	18522	18505	18520	50000	50	NA	1
03162017	E12	1	1.133525566	1	19098	18522	18505	18520	50000	50	NA	1
03162017	F01	1	0.142168065	1	19098	18522	18505	18520	50000	50	NA	1
03162017	F02	1	0.095649809	1	19098	18522	18505	18520	50000	50	NA	1
03162017	F03	1	0.135059852	1	19098	18522	18505	18520	50000	50	NA	1
03162017	F04	1	0.335423083	0	19098	18522	18505	18520	50000	50	NA	1
03162017	F05	1	1.219073626	1	19098	18522	18505	18520	50000	50	NA	1
03162017	F06	1	1.099968592	1	19098	18522	18505	18520	50000	50	NA	1
03162017	F07	0	0.080570766	1	19098	18522	18505	18520	50000	50	NA	1
03162017	F08	1	0.113666756	0	19098	18522	18505	18520	50000	50	NA	1
03162017	F09	1	0.112628369	1	19098	18522	18505	18520	50000	50	NA	1
03162017	F10	1	0.204548811	1	19098	18522	18505	18520	50000	50	NA	1
03162017	F11	1	1.017258777	1	19098	18522	18505	18520	50000	50	NA	1
03162017	F12	1	1.233257928	1	19098	18522	18505	18520	50000	50	NA	1
03162017	G01	1	0.178372712	1	19098	18522	18505	18520	50000	50	NA	1
03162017	G02	1	0.177534547	1	19098	18522	18505	18520	50000	50	NA	1
03162017	G03	1	0.086811946	1	19098	18522	18505	18520	50000	50	NA	1
03162017	G04	1	1.122611555	1	19098	18522	18505	18520	50000	50	NA	1
03162017	G05	1	1.143095568	1	19098	18522	18505	18520	50000	50	NA	1
03162017	G06	1	1.398510841	1	19098	18522	18505	18520	50000	50	NA	1
03162017	G07	1	0.128766549	1	19098	18522	18505	18520	50000	50	NA	1
03162017	G08	1	0.139193447	1	19098	18522	18505	18520	50000	50	NA	1
03162017	G09	1	0.168319735	1	19098	18522	18505	18520	50000	50	NA	1
03162017	G10	0	0.181263442	1	19098	18522	18505	18520	50000	50	NA	1
03162017	G11	0	0.177060916	1	19098	18522	18505	18520	50000	50	NA	1
03162017	G12	1	0.550171126	1	19098	18522	18505	18520	50000	50	NA	1
03162017	H01	1	0.224391599	1	19098	18522	18505	18520	50000	50	NA	1
03162017	H02	1	0.153406647	1	19098	18522	18505	18520	50000	50	NA	1
03162017	H03	1	0.366040028	1	19098	18522	18505	18520	50000	50	NA	1
03162017	H04	1	0.439504436	1	19098	18522	18505	18520	50000	50	NA	1
03162017	H05	0	0.211741651	1	19098	18522	18505	18520	50000	50	NA	1
03162017	H06	1	0.297939859	1	19098	18522	18505	18520	50000	50	NA	1
03162017	H07	1	0.118017583	1	19098	18522	18505	18520	50000	50	NA	1
03162017	H08	1	0.367292767	1	19098	18522	18505	18520	50000	50	NA	1
03162017	H09	1	0.321602971	1	19098	18522	18505	18520	50000	50	NA	1
03162017	H10	1	0.928331114	1	19098	18522	18505	18520	50000	50	NA	1
03162017	H11	1	0.950511638	1	19098	18522	18505	18520	50000	50	NA	1
03162017	H12	0	0.208841957	1	19098	18522	18505	18520	50000	50	NA	1
03172017	A01	1	2.093989827	1	18502	18505	18522	19098	50000	50	NA	1
03172017	A02	1	3.426044333	1	18502	18505	18522	19098	50000	50	NA	1
03172017	A03	1	1.108780149	1	18502	18505	18522	19098	50000	50	NA	1
03172017	A04	1	2.685818537	1	18502	18505	18522	19098	50000	50	NA	1
03172017	A05	1	1.354115239	1	18502	18505	18522	19098	50000	50	NA	1
03172017	A06	1	4.097995129	1	18502	18505	18522	19098	50000	50	NA	1
03172017	A07	1	3.265304027	1	18502	18505	18522	19098	50000	50	NA	1
03172017	A08	1	1.830856277	1	18502	18505	18522	19098	50000	50	NA	1
03172017	A09	1	3.035999936	1	18502	18505	18522	19098	50000	50	NA	1
03172017	A10	1	1.537429516	1	18502	18505	18522	19098	50000	50	NA	1
03172017	A11	1	3.374815405	1	18502	18505	18522	19098	50000	50	NA	1
03172017	A12	1	2.944025	1	18502	18505	18522	19098	50000	50	NA	1
03172017	B01	1	3.572870527	1	18502	18505	18522	19098	50000	50	NA	1
03172017	B02	1	3.536522936	1	18502	18505	18522	19098	50000	50	NA	1
03172017	B03	1	2.688922105	1	18502	18505	18522	19098	50000	50	NA	1
03172017	B04	1	2.572361142	1	18502	18505	18522	19098	50000	50	NA	1
03172017	B05	1	1.212621494	1	18502	18505	18522	19098	50000	50	NA	1
03172017	B06	1	1.48080026	1	18502	18505	18522	19098	50000	50	NA	1
03172017	B07	1	2.733210309	1	18502	18505	18522	19098	50000	50	NA	1
03172017	B08	1	2.269608838	1	18502	18505	18522	19098	50000	50	NA	1
03172017	B09	1	2.202085744	1	18502	18505	18522	19098	50000	50	NA	1
03172017	B10	1	2.311849762	1	18502	18505	18522	19098	50000	50	NA	1
03172017	B11	1	2.173270531	1	18502	18505	18522	19098	50000	50	NA	1
03172017	B12	1	2.306952219	1	18502	18505	18522	19098	50000	50	NA	1
03172017	C01	1	1.391673012	1	18502	18505	18522	19098	50000	50	NA	1
03172017	C02	1	3.288828487	1	18502	18505	18522	19098	50000	50	NA	1
03172017	C03	1	3.5144931	1	18502	18505	18522	19098	50000	50	NA	1
03172017	C04	1	2.589188753	1	18502	18505	18522	19098	50000	50	NA	1
03172017	C05	0	2.619346721	1	18502	18505	18522	19098	50000	50	NA	1
03172017	C06	1	2.662529447	1	18502	18505	18522	19098	50000	50	NA	1
03172017	C07	1	2.683204355	1	18502	18505	18522	19098	50000	50	NA	1
03172017	C08	1	2.742485038	1	18502	18505	18522	19098	50000	50	NA	1
03172017	C09	1	2.303763024	1	18502	18505	18522	19098	50000	50	NA	1
03172017	C10	1	0.615321155	1	18502	18505	18522	19098	50000	50	NA	1
03172017	C11	1	0.664435717	1	18502	18505	18522	19098	50000	50	NA	1
03172017	C12	1	1.4197967	1	18502	18505	18522	19098	50000	50	NA	1
03172017	D01	2	4.140829152	1	18502	18505	18522	19098	50000	50	NA	1
03172017	D02	1	3.054891643	1	18502	18505	18522	19098	50000	50	NA	1
03172017	D03	1	1.439312819	1	18502	18505	18522	19098	50000	50	NA	1
03172017	D04	1	0.836796512	1	18502	18505	18522	19098	50000	50	NA	1
03172017	D05	1	0.554562749	1	18502	18505	18522	19098	50000	50	NA	1
03172017	D06	1	3.107111357	1	18502	18505	18522	19098	50000	50	NA	1
03172017	D07	1	1.407101512	1	18502	18505	18522	19098	50000	50	NA	1
03172017	D08	1	0.848072744	1	18502	18505	18522	19098	50000	50	NA	1
03172017	D09	1	2.236894514	1	18502	18505	18522	19098	50000	50	NA	1
03172017	D10	1	1.926141973	1	18502	18505	18522	19098	50000	50	NA	1
03172017	D11	1	1.066772505	1	18502	18505	18522	19098	50000	50	NA	1
03172017	D12	1	1.349637053	1	18502	18505	18522	19098	50000	50	NA	1
03172017	E01	1	4.127860038	1	18502	18505	18522	19098	50000	50	NA	1
03172017	E02	1	3.139324834	1	18502	18505	18522	19098	50000	50	NA	1
03172017	E03	1	3.11498432	1	18502	18505	18522	19098	50000	50	NA	1
03172017	E04	1	1.066818333	1	18502	18505	18522	19098	50000	50	NA	1
03172017	E05	1	2.861304429	1	18502	18505	18522	19098	50000	50	NA	1
03172017	E06	1	2.656975513	1	18502	18505	18522	19098	50000	50	NA	1
03172017	E07	1	3.754928866	1	18502	18505	18522	19098	50000	50	NA	1
03172017	E08	1	3.131717919	1	18502	18505	18522	19098	50000	50	NA	1
03172017	E09	1	2.680197087	1	18502	18505	18522	19098	50000	50	NA	1
03172017	E10	1	2.867533849	1	18502	18505	18522	19098	50000	50	NA	1
03172017	E11	1	2.69240656	1	18502	18505	18522	19098	50000	50	NA	1
03172017	E12	1	1.291777331	1	18502	18505	18522	19098	50000	50	NA	1
03172017	F01	1	4.125557551	1	18502	18505	18522	19098	50000	50	NA	1
03172017	F02	1	2.67005533	1	18502	18505	18522	19098	50000	50	NA	1
03172017	F03	1	1.972596988	1	18502	18505	18522	19098	50000	50	NA	1
03172017	F04	1	1.498849463	1	18502	18505	18522	19098	50000	50	NA	1
03172017	F05	1	2.874474109	1	18502	18505	18522	19098	50000	50	NA	1
03172017	F06	1	3.233691501	1	18502	18505	18522	19098	50000	50	NA	1
03172017	F07	1	3.076945308	1	18502	18505	18522	19098	50000	50	NA	1
03172017	F08	1	2.38401413	1	18502	18505	18522	19098	50000	50	NA	1
03172017	F09	1	2.717785348	1	18502	18505	18522	19098	50000	50	NA	1
03172017	F10	1	2.793073132	1	18502	18505	18522	19098	50000	50	NA	1
03172017	F11	0	0.479536655	1	18502	18505	18522	19098	50000	50	NA	1
03172017	F12	1	2.646061059	1	18502	18505	18522	19098	50000	50	NA	1
03172017	G01	0	0.580034172	1	18502	18505	18522	19098	50000	50	NA	1
03172017	G02	1	1.087594504	1	18502	18505	18522	19098	50000	50	NA	1
03172017	G03	1	3.383447069	1	18502	18505	18522	19098	50000	50	NA	1
03172017	G04	1	2.589536238	1	18502	18505	18522	19098	50000	50	NA	1
03172017	G05	0	0.493729816	1	18502	18505	18522	19098	50000	50	NA	1
03172017	G06	1	3.160071396	1	18502	18505	18522	19098	50000	50	NA	1
03172017	G07	1	2.047183729	1	18502	18505	18522	19098	50000	50	NA	1
03172017	G08	1	1.023093532	1	18502	18505	18522	19098	50000	50	NA	1
03172017	G09	1	1.67405786	1	18502	18505	18522	19098	50000	50	NA	1
03172017	G10	1	0.981063876	1	18502	18505	18522	19098	50000	50	NA	1
03172017	G11	1	0.734300663	1	18502	18505	18522	19098	50000	50	NA	1
03172017	G12	1	2.134129101	1	18502	18505	18522	19098	50000	50	NA	1
03172017	H01	1	1.486205422	1	18502	18505	18522	19098	50000	50	NA	1
03172017	H02	1	2.008209062	1	18502	18505	18522	19098	50000	50	NA	1
03172017	H03	1	1.160522001	1	18502	18505	18522	19098	50000	50	NA	1
03172017	H04	1	0.550467478	1	18502	18505	18522	19098	50000	50	NA	1
03172017	H05	1	3.088337082	1	18502	18505	18522	19098	50000	50	NA	1
03172017	H06	1	4.061108413	1	18502	18505	18522	19098	50000	50	NA	1
03172017	H07	1	3.752312861	1	18502	18505	18522	19098	50000	50	NA	1
03172017	H08	1	2.362580412	1	18502	18505	18522	19098	50000	50	NA	1
03172017	H09	2	2.232689264	1	18502	18505	18522	19098	50000	50	NA	1
03172017	H10	1	3.403538477	1	18502	18505	18522	19098	50000	50	NA	1
03172017	H11	1	3.419269006	1	18502	18505	18522	19098	50000	50	NA	1
03172017	H12	1	4.540421133	1	18502	18505	18522	19098	50000	50	NA	1
03232017	A01	1	1.337326295	1	18520	18502	18505	18522	5000	25000	NA	3
03232017	A02	1	1.356118778	1	18520	18502	18505	18522	5000	25000	NA	3
03232017	A03	1	1.534124459	1	18520	18502	18505	18522	5000	25000	NA	3
03232017	A04	1	1.446438877	1	18520	18502	18505	18522	5000	25000	NA	3
03232017	A05	1	1.218926043	1	18520	18502	18505	18522	5000	25000	NA	3
03232017	A06	1	1.349347546	1	18520	18502	18505	18522	5000	25000	NA	3
03232017	A07	1	1.406709313	1	18520	18502	18505	18522	5000	25000	NA	3
03232017	A08	1	1.409642337	0	18520	18502	18505	18522	5000	25000	NA	3
03232017	A09	1	1.193466474	1	18520	18502	18505	18522	5000	25000	NA	3
03232017	A10	0	0.128355987	1	18520	18502	18505	18522	5000	25000	NA	3
03232017	A11	1	1.290002083	1	18520	18502	18505	18522	5000	25000	NA	3
03232017	A12	1	1.328286283	1	18520	18502	18505	18522	5000	25000	NA	3
03232017	B01	1	1.524684918	1	18520	18502	18505	18522	5000	25000	NA	3
03232017	B02	1	1.023194547	1	18520	18502	18505	18522	5000	25000	NA	3
03232017	B03	1	1.412702016	1	18520	18502	18505	18522	5000	25000	NA	3
03232017	B04	1	1.105663327	1	18520	18502	18505	18522	5000	25000	NA	3
03232017	B05	1	1.268073377	1	18520	18502	18505	18522	5000	25000	NA	3
03232017	B06	2	1.26565716	1	18520	18502	18505	18522	5000	25000	NA	3
03232017	B07	0	0.149834143	1	18520	18502	18505	18522	5000	25000	NA	3
03232017	B08	1	1.262304054	1	18520	18502	18505	18522	5000	25000	NA	3
03232017	B09	1	0.912603958	1	18520	18502	18505	18522	5000	25000	NA	3
03232017	B10	1	1.203064148	1	18520	18502	18505	18522	5000	25000	NA	3
03232017	B11	1	1.31442622	1	18520	18502	18505	18522	5000	25000	NA	3
03232017	B12	1	1.552826664	1	18520	18502	18505	18522	5000	25000	NA	3
03232017	C01	1	0.838687126	1	18520	18502	18505	18522	5000	25000	NA	3
03232017	C02	0	0.071558114	1	18520	18502	18505	18522	5000	25000	NA	3
03232017	C03	1	1.520543485	1	18520	18502	18505	18522	5000	25000	NA	3
03232017	C04	1	1.336123328	1	18520	18502	18505	18522	5000	25000	NA	3
03232017	C05	1	0.593522776	0	18520	18502	18505	18522	5000	25000	NA	3
03232017	C06	1	0.363197118	1	18520	18502	18505	18522	5000	25000	NA	3
03232017	C07	2	1.306650956	1	18520	18502	18505	18522	5000	25000	NA	3
03232017	C08	1	0.517976334	1	18520	18502	18505	18522	5000	25000	NA	3
03232017	C09	1	0.825742792	1	18520	18502	18505	18522	5000	25000	NA	3
03232017	C10	1	1.601701408	1	18520	18502	18505	18522	5000	25000	NA	3
03232017	C11	1	1.176284409	1	18520	18502	18505	18522	5000	25000	NA	3
03232017	C12	1	1.674536609	1	18520	18502	18505	18522	5000	25000	NA	3
03232017	D01	1	1.291311794	1	18520	18502	18505	18522	5000	25000	NA	3
03232017	D02	1	1.11240431	1	18520	18502	18505	18522	5000	25000	NA	3
03232017	D03	1	1.088604149	1	18520	18502	18505	18522	5000	25000	NA	3
03232017	D04	1	1.428287693	1	18520	18502	18505	18522	5000	25000	NA	3
03232017	D05	1	1.668130209	1	18520	18502	18505	18522	5000	25000	NA	3
03232017	D06	1	1.531249814	1	18520	18502	18505	18522	5000	25000	NA	3
03232017	D07	1	1.257779371	1	18520	18502	18505	18522	5000	25000	NA	3
03232017	D08	1	1.053087621	1	18520	18502	18505	18522	5000	25000	NA	3
03232017	D09	1	0.941851668	1	18520	18502	18505	18522	5000	25000	NA	3
03232017	D10	1	1.418917705	1	18520	18502	18505	18522	5000	25000	NA	3
03232017	D11	1	1.546969386	1	18520	18502	18505	18522	5000	25000	NA	3
03232017	D12	1	1.302543372	1	18520	18502	18505	18522	5000	25000	NA	3
03232017	E01	1	0.192113608	1	18520	18502	18505	18522	5000	25000	NA	3
03232017	E02	1	1.499746529	1	18520	18502	18505	18522	5000	25000	NA	3
03232017	E03	1	1.55984408	1	18520	18502	18505	18522	5000	25000	NA	3
03232017	E04	0	0.104640815	1	18520	18502	18505	18522	5000	25000	NA	3
03232017	E05	1	1.754401189	1	18520	18502	18505	18522	5000	25000	NA	3
03232017	E06	1	1.548078572	1	18520	18502	18505	18522	5000	25000	NA	3
03232017	E07	1	1.181306981	1	18520	18502	18505	18522	5000	25000	NA	3
03232017	E08	1	1.522080742	1	18520	18502	18505	18522	5000	25000	NA	3
03232017	E09	1	1.590552327	1	18520	18502	18505	18522	5000	25000	NA	3
03232017	E10	0	0.201508006	1	18520	18502	18505	18522	5000	25000	NA	3
03232017	E11	1	1.536850298	1	18520	18502	18505	18522	5000	25000	NA	3
03232017	E12	1	1.67524278	1	18520	18502	18505	18522	5000	25000	NA	3
03232017	F01	0	0.111455211	1	18520	18502	18505	18522	5000	25000	NA	3
03232017	F02	1	1.698177343	1	18520	18502	18505	18522	5000	25000	NA	3
03232017	F03	1	1.109265735	1	18520	18502	18505	18522	5000	25000	NA	3
03232017	F04	1	1.746427628	1	18520	18502	18505	18522	5000	25000	NA	3
03232017	F05	1	1.697406791	1	18520	18502	18505	18522	5000	25000	NA	3
03232017	F06	1	1.144004032	1	18520	18502	18505	18522	5000	25000	NA	3
03232017	F07	1	1.116886509	1	18520	18502	18505	18522	5000	25000	NA	3
03232017	F08	1	1.3883391	1	18520	18502	18505	18522	5000	25000	NA	3
03232017	F09	0	0.046686934	1	18520	18502	18505	18522	5000	25000	NA	3
03232017	F10	1	1.755553537	1	18520	18502	18505	18522	5000	25000	NA	3
03232017	F11	1	1.265604217	1	18520	18502	18505	18522	5000	25000	NA	3
03232017	F12	1	1.721584716	1	18520	18502	18505	18522	5000	25000	NA	3
03232017	G01	1	1.766847641	1	18520	18502	18505	18522	5000	25000	NA	3
03232017	G02	1	1.271155543	1	18520	18502	18505	18522	5000	25000	NA	3
03232017	G03	1	1.465917927	1	18520	18502	18505	18522	5000	25000	NA	3
03232017	G04	1	0.387184322	1	18520	18502	18505	18522	5000	25000	NA	3
03232017	G05	1	0.550142498	1	18520	18502	18505	18522	5000	25000	NA	3
03232017	G06	1	1.310540096	1	18520	18502	18505	18522	5000	25000	NA	3
03232017	G07	1	1.022676611	1	18520	18502	18505	18522	5000	25000	NA	3
03232017	G08	1	1.594259935	1	18520	18502	18505	18522	5000	25000	NA	3
03232017	G09	1	1.440286492	1	18520	18502	18505	18522	5000	25000	NA	3
03232017	G10	1	1.236010465	1	18520	18502	18505	18522	5000	25000	NA	3
03232017	G11	1	1.514685612	1	18520	18502	18505	18522	5000	25000	NA	3
03232017	G12	1	1.478763173	1	18520	18502	18505	18522	5000	25000	NA	3
03232017	H01	1	0.372453747	1	18520	18502	18505	18522	5000	25000	NA	3
03232017	H02	1	2.00642706	1	18520	18502	18505	18522	5000	25000	NA	3
03232017	H03	1	1.86655151	1	18520	18502	18505	18522	5000	25000	NA	3
03232017	H04	1	1.613379392	1	18520	18502	18505	18522	5000	25000	NA	3
03232017	H05	1	1.942499891	1	18520	18502	18505	18522	5000	25000	NA	3
03232017	H06	1	1.514293485	1	18520	18502	18505	18522	5000	25000	NA	3
03232017	H07	1	1.580573855	1	18520	18502	18505	18522	5000	25000	NA	3
03232017	H08	1	1.413227128	1	18520	18502	18505	18522	5000	25000	NA	3
03232017	H09	1	1.616903274	1	18520	18502	18505	18522	5000	25000	NA	3
03232017	H10	0	0.101105314	1	18520	18502	18505	18522	5000	25000	NA	3
03232017	H11	0	0.183033867	1	18520	18502	18505	18522	5000	25000	NA	3
03232017	H12	1	1.600713844	1	18520	18502	18505	18522	5000	25000	NA	3
03302017	A01	1	0.378796701	1	18502	18520	18522	19098	5000	25000	NA	2
03302017	A02	1	1.64870246	1	18502	18520	18522	19098	5000	25000	NA	2
03302017	A03	1	1.849390956	1	18502	18520	18522	19098	5000	25000	NA	2
03302017	A04	1	0.888974333	1	18502	18520	18522	19098	5000	25000	NA	2
03302017	A05	1	0.412734262	1	18502	18520	18522	19098	5000	25000	NA	2
03302017	A06	1	1.455062866	1	18502	18520	18522	19098	5000	25000	NA	2
03302017	A07	1	1.574765956	1	18502	18520	18522	19098	5000	25000	NA	2
03302017	A08	1	1.552390927	1	18502	18520	18522	19098	5000	25000	NA	2
03302017	A09	1	1.580766915	1	18502	18520	18522	19098	5000	25000	NA	2
03302017	A10	2	1.777161395	1	18502	18520	18522	19098	5000	25000	NA	2
03302017	A11	1	1.817033088	1	18502	18520	18522	19098	5000	25000	NA	2
03302017	A12	1	1.591100609	1	18502	18520	18522	19098	5000	25000	NA	2
03302017	B01	1	0.173916856	1	18502	18520	18522	19098	5000	25000	NA	2
03302017	B02	1	1.492103325	1	18502	18520	18522	19098	5000	25000	NA	2
03302017	B03	1	1.83959633	1	18502	18520	18522	19098	5000	25000	NA	2
03302017	B04	1	1.948645356	1	18502	18520	18522	19098	5000	25000	NA	2
03302017	B05	1	1.457575828	1	18502	18520	18522	19098	5000	25000	NA	2
03302017	B06	1	0.344694555	1	18502	18520	18522	19098	5000	25000	NA	2
03302017	B07	1	1.665285579	1	18502	18520	18522	19098	5000	25000	NA	2
03302017	B08	1	1.959558679	1	18502	18520	18522	19098	5000	25000	NA	2
03302017	B09	1	0.660861649	1	18502	18520	18522	19098	5000	25000	NA	2
03302017	B10	1	0.844341825	1	18502	18520	18522	19098	5000	25000	NA	2
03302017	B11	1	1.75731457	1	18502	18520	18522	19098	5000	25000	NA	2
03302017	B12	1	1.603095095	1	18502	18520	18522	19098	5000	25000	NA	2
03302017	C01	1	0.825409949	1	18502	18520	18522	19098	5000	25000	NA	2
03302017	C02	1	1.754914542	1	18502	18520	18522	19098	5000	25000	NA	2
03302017	C03	0	0	1	18502	18520	18522	19098	5000	25000	NA	2
03302017	C04	1	1.829526396	1	18502	18520	18522	19098	5000	25000	NA	2
03302017	C05	1	1.582154659	1	18502	18520	18522	19098	5000	25000	NA	2
03302017	C06	1	0.843428337	1	18502	18520	18522	19098	5000	25000	NA	2
03302017	C07	1	1.459435515	1	18502	18520	18522	19098	5000	25000	NA	2
03302017	C08	1	1.781596546	1	18502	18520	18522	19098	5000	25000	NA	2
03302017	C09	1	1.683360879	1	18502	18520	18522	19098	5000	25000	NA	2
03302017	C10	1	2.104654064	1	18502	18520	18522	19098	5000	25000	NA	2
03302017	C11	1	1.57797713	1	18502	18520	18522	19098	5000	25000	NA	2
03302017	C12	1	2.142275654	1	18502	18520	18522	19098	5000	25000	NA	2
03302017	D01	1	1.79779373	1	18502	18520	18522	19098	5000	25000	NA	2
03302017	D02	1	0.565736315	1	18502	18520	18522	19098	5000	25000	NA	2
03302017	D03	1	2.017910586	1	18502	18520	18522	19098	5000	25000	NA	2
03302017	D04	1	1.77076136	1	18502	18520	18522	19098	5000	25000	NA	2
03302017	D05	0	0.47284085	1	18502	18520	18522	19098	5000	25000	NA	2
03302017	D06	1	1.746377359	1	18502	18520	18522	19098	5000	25000	NA	2
03302017	D07	0	0.073411908	1	18502	18520	18522	19098	5000	25000	NA	2
03302017	D08	1	0.617902789	1	18502	18520	18522	19098	5000	25000	NA	2
03302017	D09	1	1.658531841	1	18502	18520	18522	19098	5000	25000	NA	2
03302017	D10	1	0.096242438	1	18502	18520	18522	19098	5000	25000	NA	2
03302017	D11	1	0.861813148	1	18502	18520	18522	19098	5000	25000	NA	2
03302017	D12	1	1.940886277	1	18502	18520	18522	19098	5000	25000	NA	2
03302017	E01	1	0.389483787	1	18502	18520	18522	19098	5000	25000	NA	2
03302017	E02	1	1.910902487	1	18502	18520	18522	19098	5000	25000	NA	2
03302017	E03	1	1.747323792	1	18502	18520	18522	19098	5000	25000	NA	2
03302017	E04	1	1.841747101	1	18502	18520	18522	19098	5000	25000	NA	2
03302017	E05	1	1.377757706	1	18502	18520	18522	19098	5000	25000	NA	2
03302017	E06	1	1.213312915	1	18502	18520	18522	19098	5000	25000	NA	2
03302017	E07	1	0.469013994	1	18502	18520	18522	19098	5000	25000	NA	2
03302017	E08	1	1.527950082	1	18502	18520	18522	19098	5000	25000	NA	2
03302017	E09	1	1.537051024	1	18502	18520	18522	19098	5000	25000	NA	2
03302017	E10	1	1.948823091	1	18502	18520	18522	19098	5000	25000	NA	2
03302017	E11	1	1.878486443	1	18502	18520	18522	19098	5000	25000	NA	2
03302017	E12	1	0.555747448	1	18502	18520	18522	19098	5000	25000	NA	2
03302017	F01	1	1.046527612	1	18502	18520	18522	19098	5000	25000	NA	2
03302017	F02	1	0.398877564	1	18502	18520	18522	19098	5000	25000	NA	2
03302017	F03	1	1.697794482	1	18502	18520	18522	19098	5000	25000	NA	2
03302017	F04	1	1.673630239	1	18502	18520	18522	19098	5000	25000	NA	2
03302017	F05	1	1.94680497	1	18502	18520	18522	19098	5000	25000	NA	2
03302017	F06	1	1.908074251	1	18502	18520	18522	19098	5000	25000	NA	2
03302017	F07	1	1.694192024	1	18502	18520	18522	19098	5000	25000	NA	2
03302017	F08	1	1.79762288	1	18502	18520	18522	19098	5000	25000	NA	2
03302017	F09	1	0.775897241	1	18502	18520	18522	19098	5000	25000	NA	2
03302017	F10	1	1.68191088	1	18502	18520	18522	19098	5000	25000	NA	2
03302017	F11	1	2.051886209	1	18502	18520	18522	19098	5000	25000	NA	2
03302017	F12	1	1.876896912	1	18502	18520	18522	19098	5000	25000	NA	2
03302017	G01	1	1.504866129	1	18502	18520	18522	19098	5000	25000	NA	2
03302017	G02	1	2.142506669	1	18502	18520	18522	19098	5000	25000	NA	2
03302017	G03	1	0.839906144	1	18502	18520	18522	19098	5000	25000	NA	2
03302017	G04	1	2.023443072	1	18502	18520	18522	19098	5000	25000	NA	2
03302017	G05	1	1.693100789	1	18502	18520	18522	19098	5000	25000	NA	2
03302017	G06	1	1.965360723	1	18502	18520	18522	19098	5000	25000	NA	2
03302017	G07	1	0.818003521	1	18502	18520	18522	19098	5000	25000	NA	2
03302017	G08	1	1.325857768	1	18502	18520	18522	19098	5000	25000	NA	2
03302017	G09	1	0.896321078	1	18502	18520	18522	19098	5000	25000	NA	2
03302017	G10	1	1.673651417	1	18502	18520	18522	19098	5000	25000	NA	2
03302017	G11	1	0.286500645	1	18502	18520	18522	19098	5000	25000	NA	2
03302017	G12	0	0.069450982	1	18502	18520	18522	19098	5000	25000	NA	2
03302017	H01	1	1.794469287	1	18502	18520	18522	19098	5000	25000	NA	2
03302017	H02	1	1.394010251	1	18502	18520	18522	19098	5000	25000	NA	2
03302017	H03	1	1.625851011	1	18502	18520	18522	19098	5000	25000	NA	2
03302017	H04	1	1.470753815	1	18502	18520	18522	19098	5000	25000	NA	2
03302017	H05	1	2.087928769	1	18502	18520	18522	19098	5000	25000	NA	2
03302017	H06	1	2.1456912	1	18502	18520	18522	19098	5000	25000	NA	2
03302017	H07	1	0.874884358	1	18502	18520	18522	19098	5000	25000	NA	2
03302017	H08	1	0.726712537	1	18502	18520	18522	19098	5000	25000	NA	2
03302017	H09	0	0	1	18502	18520	18522	19098	5000	25000	NA	2
03302017	H10	0	0.000609982	1	18502	18520	18522	19098	5000	25000	NA	2
03302017	H11	1	2.106206606	1	18502	18520	18522	19098	5000	25000	NA	2
03302017	H12	1	2.063892472	1	18502	18520	18522	19098	5000	25000	NA	2
03312017	A01	1	2.046145277	1	18502	18520	19201	18856	5000	25000	NA	3
03312017	A02	1	1.609715372	1	18502	18520	19201	18856	5000	25000	NA	3
03312017	A03	2	0.852623211	1	18502	18520	19201	18856	5000	25000	NA	3
03312017	A04	0	0.400300483	1	18502	18520	19201	18856	5000	25000	NA	3
03312017	A05	2	0.78973767	1	18502	18520	19201	18856	5000	25000	NA	3
03312017	A06	1	0.213569225	1	18502	18520	19201	18856	5000	25000	NA	3
03312017	A07	1	3.474573734	1	18502	18520	19201	18856	5000	25000	NA	3
03312017	A08	1	1.232088503	1	18502	18520	19201	18856	5000	25000	NA	3
03312017	A09	1	1.278683168	1	18502	18520	19201	18856	5000	25000	NA	3
03312017	A10	1	1.730997174	1	18502	18520	19201	18856	5000	25000	NA	3
03312017	A11	1	0.718649096	1	18502	18520	19201	18856	5000	25000	NA	3
03312017	A12	1	0.995287518	1	18502	18520	19201	18856	5000	25000	NA	3
03312017	B01	1	0.352068299	1	18502	18520	19201	18856	5000	25000	NA	3
03312017	B02	1	0.421778829	1	18502	18520	19201	18856	5000	25000	NA	3
03312017	B03	1	0.798251917	1	18502	18520	19201	18856	5000	25000	NA	3
03312017	B04	1	2.908501149	1	18502	18520	19201	18856	5000	25000	NA	3
03312017	B05	1	1.446555699	1	18502	18520	19201	18856	5000	25000	NA	3
03312017	B06	1	1.322857772	1	18502	18520	19201	18856	5000	25000	NA	3
03312017	B07	1	0.302087453	1	18502	18520	19201	18856	5000	25000	NA	3
03312017	B08	1	2.017391264	1	18502	18520	19201	18856	5000	25000	NA	3
03312017	B09	1	1.677462576	1	18502	18520	19201	18856	5000	25000	NA	3
03312017	B10	1	2.420460051	1	18502	18520	19201	18856	5000	25000	NA	3
03312017	B11	1	1.220145271	1	18502	18520	19201	18856	5000	25000	NA	3
03312017	B12	1	2.7823708	1	18502	18520	19201	18856	5000	25000	NA	3
03312017	C01	1	0.347687235	1	18502	18520	19201	18856	5000	25000	NA	3
03312017	C02	1	0.661450473	1	18502	18520	19201	18856	5000	25000	NA	3
03312017	C03	1	3.104643856	1	18502	18520	19201	18856	5000	25000	NA	3
03312017	C04	1	2.797947369	1	18502	18520	19201	18856	5000	25000	NA	3
03312017	C05	1	3.663083201	1	18502	18520	19201	18856	5000	25000	NA	3
03312017	C06	1	1.60976175	1	18502	18520	19201	18856	5000	25000	NA	3
03312017	C07	1	1.354006556	1	18502	18520	19201	18856	5000	25000	NA	3
03312017	C08	1	1.416439006	1	18502	18520	19201	18856	5000	25000	NA	3
03312017	C09	1	2.582905598	1	18502	18520	19201	18856	5000	25000	NA	3
03312017	C10	1	1.405228435	1	18502	18520	19201	18856	5000	25000	NA	3
03312017	C11	1	1.971497482	1	18502	18520	19201	18856	5000	25000	NA	3
03312017	C12	1	0.073489079	1	18502	18520	19201	18856	5000	25000	NA	3
03312017	D01	1	0.554454751	1	18502	18520	19201	18856	5000	25000	NA	3
03312017	D02	1	0.954349406	1	18502	18520	19201	18856	5000	25000	NA	3
03312017	D03	1	1.716142179	1	18502	18520	19201	18856	5000	25000	NA	3
03312017	D04	1	1.285403836	1	18502	18520	19201	18856	5000	25000	NA	3
03312017	D05	1	0.548617954	1	18502	18520	19201	18856	5000	25000	NA	3
03312017	D06	1	1.353425083	1	18502	18520	19201	18856	5000	25000	NA	3
03312017	D07	1	1.536368995	1	18502	18520	19201	18856	5000	25000	NA	3
03312017	D08	1	1.614884664	1	18502	18520	19201	18856	5000	25000	NA	3
03312017	D09	1	0.9509566	1	18502	18520	19201	18856	5000	25000	NA	3
03312017	D10	1	1.381974057	1	18502	18520	19201	18856	5000	25000	NA	3
03312017	D11	1	1.272989452	1	18502	18520	19201	18856	5000	25000	NA	3
03312017	D12	1	0.68636552	1	18502	18520	19201	18856	5000	25000	NA	3
03312017	E01	1	0.622510746	1	18502	18520	19201	18856	5000	25000	NA	3
03312017	E02	1	0.778140528	1	18502	18520	19201	18856	5000	25000	NA	3
03312017	E03	1	0.923584542	1	18502	18520	19201	18856	5000	25000	NA	3
03312017	E04	1	0.924836494	1	18502	18520	19201	18856	5000	25000	NA	3
03312017	E05	1	0.387271925	0	18502	18520	19201	18856	5000	25000	NA	3
03312017	E06	1	0.590876966	1	18502	18520	19201	18856	5000	25000	NA	3
03312017	E07	1	1.198759382	1	18502	18520	19201	18856	5000	25000	NA	3
03312017	E08	1	1.012208257	1	18502	18520	19201	18856	5000	25000	NA	3
03312017	E09	1	1.071634003	1	18502	18520	19201	18856	5000	25000	NA	3
03312017	E10	1	1.253659683	1	18502	18520	19201	18856	5000	25000	NA	3
03312017	E11	0	0.08203753	1	18502	18520	19201	18856	5000	25000	NA	3
03312017	E12	1	1.056549386	1	18502	18520	19201	18856	5000	25000	NA	3
03312017	F01	1	1.322338448	1	18502	18520	19201	18856	5000	25000	NA	3
03312017	F02	1	0.847883065	1	18502	18520	19201	18856	5000	25000	NA	3
03312017	F03	1	1.074772318	1	18502	18520	19201	18856	5000	25000	NA	3
03312017	F04	1	0.635942691	1	18502	18520	19201	18856	5000	25000	NA	3
03312017	F05	1	1.245779166	1	18502	18520	19201	18856	5000	25000	NA	3
03312017	F06	1	1.07792582	1	18502	18520	19201	18856	5000	25000	NA	3
03312017	F07	1	1.400295787	1	18502	18520	19201	18856	5000	25000	NA	3
03312017	F08	1	1.322829922	1	18502	18520	19201	18856	5000	25000	NA	3
03312017	F09	1	1.009435935	1	18502	18520	19201	18856	5000	25000	NA	3
03312017	F10	1	0.587988346	1	18502	18520	19201	18856	5000	25000	NA	3
03312017	F11	1	0.991363424	1	18502	18520	19201	18856	5000	25000	NA	3
03312017	F12	1	0.462347094	0	18502	18520	19201	18856	5000	25000	NA	3
03312017	G01	1	1.902663589	1	18502	18520	19201	18856	5000	25000	NA	3
03312017	G02	1	1.184193735	1	18502	18520	19201	18856	5000	25000	NA	3
03312017	G03	1	1.276794692	1	18502	18520	19201	18856	5000	25000	NA	3
03312017	G04	1	1.419953311	1	18502	18520	19201	18856	5000	25000	NA	3
03312017	G05	1	1.491510824	1	18502	18520	19201	18856	5000	25000	NA	3
03312017	G06	1	1.272499436	1	18502	18520	19201	18856	5000	25000	NA	3
03312017	G07	1	0.825702634	1	18502	18520	19201	18856	5000	25000	NA	3
03312017	G08	1	0.302162422	1	18502	18520	19201	18856	5000	25000	NA	3
03312017	G09	1	0.749896997	1	18502	18520	19201	18856	5000	25000	NA	3
03312017	G10	1	0.146889772	1	18502	18520	19201	18856	5000	25000	NA	3
03312017	G11	1	1.236200044	1	18502	18520	19201	18856	5000	25000	NA	3
03312017	G12	1	1.254208666	1	18502	18520	19201	18856	5000	25000	NA	3
03312017	H01	1	0.019418079	1	18502	18520	19201	18856	5000	25000	NA	3
03312017	H02	1	0.108658981	1	18502	18520	19201	18856	5000	25000	NA	3
03312017	H03	1	0.055118004	1	18502	18520	19201	18856	5000	25000	NA	3
03312017	H04	1	0	1	18502	18520	19201	18856	5000	25000	NA	3
03312017	H05	1	1.014041119	1	18502	18520	19201	18856	5000	25000	NA	3
03312017	H06	1	0.075686918	1	18502	18520	19201	18856	5000	25000	NA	3
03312017	H07	1	0.039473214	1	18502	18520	19201	18856	5000	25000	NA	3
03312017	H08	0	0.126459034	1	18502	18520	19201	18856	5000	25000	NA	3
03312017	H09	1	0.596479954	0	18502	18520	19201	18856	5000	25000	NA	3
03312017	H10	0	0.055663568	1	18502	18520	19201	18856	5000	25000	NA	3
03312017	H11	1	0.958407827	1	18502	18520	19201	18856	5000	25000	NA	3
03312017	H12	1	1.722161754	1	18502	18520	19201	18856	5000	25000	NA	3
04052017	A01	1	1.398906048	1	18502	18505	18520	18522	50000	50	NA	2
04052017	A02	1	1.046157129	1	18502	18505	18520	18522	50000	50	NA	2
04052017	A03	1	1.075400894	1	18502	18505	18520	18522	50000	50	NA	2
04052017	A04	1	0.014190994	1	18502	18505	18520	18522	50000	50	NA	2
04052017	A05	1	0.975212325	1	18502	18505	18520	18522	50000	50	NA	2
04052017	A06	1	1.458909606	1	18502	18505	18520	18522	50000	50	NA	2
04052017	A07	1	1.014357259	1	18502	18505	18520	18522	50000	50	NA	2
04052017	A08	1	1.769499952	1	18502	18505	18520	18522	50000	50	NA	2
04052017	A09	1	1.682839316	1	18502	18505	18520	18522	50000	50	NA	2
04052017	A10	1	1.459494359	1	18502	18505	18520	18522	50000	50	NA	2
04052017	A11	1	1.669900372	1	18502	18505	18520	18522	50000	50	NA	2
04052017	A12	0	1.213105393	1	18502	18505	18520	18522	50000	50	NA	2
04052017	B01	1	0.383413954	1	18502	18505	18520	18522	50000	50	NA	2
04052017	B02	1	0.879884996	1	18502	18505	18520	18522	50000	50	NA	2
04052017	B03	1	0.796793681	1	18502	18505	18520	18522	50000	50	NA	2
04052017	B04	1	1.222516327	1	18502	18505	18520	18522	50000	50	NA	2
04052017	B05	1	0.173425192	1	18502	18505	18520	18522	50000	50	NA	2
04052017	B06	1	0.87512554	1	18502	18505	18520	18522	50000	50	NA	2
04052017	B07	0	0.151329834	1	18502	18505	18520	18522	50000	50	NA	2
04052017	B08	1	0.9235381	1	18502	18505	18520	18522	50000	50	NA	2
04052017	B09	1	1.275384939	1	18502	18505	18520	18522	50000	50	NA	2
04052017	B10	1	1.339874078	1	18502	18505	18520	18522	50000	50	NA	2
04052017	B11	1	0.930242095	1	18502	18505	18520	18522	50000	50	NA	2
04052017	B12	1	0.667336623	1	18502	18505	18520	18522	50000	50	NA	2
04052017	C01	1	0.695529872	1	18502	18505	18520	18522	50000	50	NA	2
04052017	C02	0	0.112247689	1	18502	18505	18520	18522	50000	50	NA	2
04052017	C03	1	0.953305907	1	18502	18505	18520	18522	50000	50	NA	2
04052017	C04	1	0.003799522	1	18502	18505	18520	18522	50000	50	NA	2
04052017	C05	1	1.157526907	1	18502	18505	18520	18522	50000	50	NA	2
04052017	C06	1	1.216527048	1	18502	18505	18520	18522	50000	50	NA	2
04052017	C07	1	0.392659877	1	18502	18505	18520	18522	50000	50	NA	2
04052017	C08	0	0.05576308	1	18502	18505	18520	18522	50000	50	NA	2
04052017	C09	1	0.52082735	1	18502	18505	18520	18522	50000	50	NA	2
04052017	C10	1	1.191007661	1	18502	18505	18520	18522	50000	50	NA	2
04052017	C11	1	0.906982682	1	18502	18505	18520	18522	50000	50	NA	2
04052017	C12	1	1.221878959	1	18502	18505	18520	18522	50000	50	NA	2
04052017	D01	1	1.033116595	1	18502	18505	18520	18522	50000	50	NA	2
04052017	D02	1	0.687907552	1	18502	18505	18520	18522	50000	50	NA	2
04052017	D03	1	1.14517165	1	18502	18505	18520	18522	50000	50	NA	2
04052017	D04	1	1.395555929	1	18502	18505	18520	18522	50000	50	NA	2
04052017	D05	1	2.225671311	1	18502	18505	18520	18522	50000	50	NA	2
04052017	D06	1	0.984414751	1	18502	18505	18520	18522	50000	50	NA	2
04052017	D07	0	0.220174212	1	18502	18505	18520	18522	50000	50	NA	2
04052017	D08	1	0.95421058	1	18502	18505	18520	18522	50000	50	NA	2
04052017	D09	1	0.559750539	1	18502	18505	18520	18522	50000	50	NA	2
04052017	D10	1	1.260314692	1	18502	18505	18520	18522	50000	50	NA	2
04052017	D11	1	1.211390634	1	18502	18505	18520	18522	50000	50	NA	2
04052017	D12	1	0.87047258	1	18502	18505	18520	18522	50000	50	NA	2
04052017	E01	1	0.727355941	1	18502	18505	18520	18522	50000	50	NA	2
04052017	E02	1	0.677366534	1	18502	18505	18520	18522	50000	50	NA	2
04052017	E03	1	0.877478974	1	18502	18505	18520	18522	50000	50	NA	2
04052017	E04	1	1.178638763	1	18502	18505	18520	18522	50000	50	NA	2
04052017	E05	1	0.675571064	1	18502	18505	18520	18522	50000	50	NA	2
04052017	E06	0	0.026521167	1	18502	18505	18520	18522	50000	50	NA	2
04052017	E07	1	0.793847564	1	18502	18505	18520	18522	50000	50	NA	2
04052017	E08	1	0.299608494	1	18502	18505	18520	18522	50000	50	NA	2
04052017	E09	1	0.717669205	1	18502	18505	18520	18522	50000	50	NA	2
04052017	E10	1	0.09194373	1	18502	18505	18520	18522	50000	50	NA	2
04052017	E11	1	0.327865275	1	18502	18505	18520	18522	50000	50	NA	2
04052017	E12	1	0.47391347	1	18502	18505	18520	18522	50000	50	NA	2
04052017	F01	1	0.3287788	1	18502	18505	18520	18522	50000	50	NA	2
04052017	F02	1	0.319969543	1	18502	18505	18520	18522	50000	50	NA	2
04052017	F03	1	0.116834026	1	18502	18505	18520	18522	50000	50	NA	2
04052017	F04	1	0.599998551	1	18502	18505	18520	18522	50000	50	NA	2
04052017	F05	1	0.237922685	1	18502	18505	18520	18522	50000	50	NA	2
04052017	F06	0	0.049864545	1	18502	18505	18520	18522	50000	50	NA	2
04052017	F07	1	0.599563716	1	18502	18505	18520	18522	50000	50	NA	2
04052017	F08	0	0	1	18502	18505	18520	18522	50000	50	NA	2
04052017	F09	1	0.724103308	1	18502	18505	18520	18522	50000	50	NA	2
04052017	F10	1	0.430939355	1	18502	18505	18520	18522	50000	50	NA	2
04052017	F11	1	0.540612588	1	18502	18505	18520	18522	50000	50	NA	2
04052017	F12	1	0.041883577	1	18502	18505	18520	18522	50000	50	NA	2
04052017	G01	1	0.610877611	1	18502	18505	18520	18522	50000	50	NA	2
04052017	G02	1	0.386599373	1	18502	18505	18520	18522	50000	50	NA	2
04052017	G03	1	0.812929824	1	18502	18505	18520	18522	50000	50	NA	2
04052017	G04	1	0.531432827	1	18502	18505	18520	18522	50000	50	NA	2
04052017	G05	1	0.889468538	1	18502	18505	18520	18522	50000	50	NA	2
04052017	G06	1	0.397858142	1	18502	18505	18520	18522	50000	50	NA	2
04052017	G07	1	0.885829998	1	18502	18505	18520	18522	50000	50	NA	2
04052017	G08	1	0.753854783	1	18502	18505	18520	18522	50000	50	NA	2
04052017	G09	1	0.875961021	1	18502	18505	18520	18522	50000	50	NA	2
04052017	G10	1	1.037952738	1	18502	18505	18520	18522	50000	50	NA	2
04052017	G11	1	1.109670955	1	18502	18505	18520	18522	50000	50	NA	2
04052017	G12	1	1.010627711	1	18502	18505	18520	18522	50000	50	NA	2
04052017	H01	1	0.439413138	1	18502	18505	18520	18522	50000	50	NA	2
04052017	H02	1	0.709760545	1	18502	18505	18520	18522	50000	50	NA	2
04052017	H03	1	0.68916708	1	18502	18505	18520	18522	50000	50	NA	2
04052017	H04	1	1.165816508	1	18502	18505	18520	18522	50000	50	NA	2
04052017	H05	1	1.098142464	1	18502	18505	18520	18522	50000	50	NA	2
04052017	H06	1	1.111366016	1	18502	18505	18520	18522	50000	50	NA	2
04052017	H07	1	0.822252592	1	18502	18505	18520	18522	50000	50	NA	2
04052017	H08	1	0.99198421	1	18502	18505	18520	18522	50000	50	NA	2
04052017	H09	1	1.070336199	1	18502	18505	18520	18522	50000	50	NA	2
04052017	H10	1	0.600275333	1	18502	18505	18520	18522	50000	50	NA	2
04052017	H11	1	0.668425988	1	18502	18505	18520	18522	50000	50	NA	2
04052017	H12	1	0.23669095	1	18502	18505	18520	18522	50000	50	NA	2
04072017	A01	1	0.298434312	1	18502	18856	19098	19201	50000	50	1:50000	3
04072017	A02	1	1.001282286	1	18502	18856	19098	19201	50000	50	1:50000	3
04072017	A03	1	1.119313347	1	18502	18856	19098	19201	50000	50	1:50000	3
04072017	A04	1	0.959711906	1	18502	18856	19098	19201	50000	50	1:50000	3
04072017	A05	1	1.23534637	1	18502	18856	19098	19201	50000	50	1:50000	3
04072017	A06	1	1.218522866	1	18502	18856	19098	19201	50000	50	1:50000	3
04072017	A07	1	1.084728205	1	18502	18856	19098	19201	50000	50	1:50000	3
04072017	A08	1	1.055528305	1	18502	18856	19098	19201	50000	50	1:50000	3
04072017	A09	1	0.696746158	1	18502	18856	19098	19201	50000	50	1:50000	3
04072017	A10	1	1.175910828	1	18502	18856	19098	19201	50000	50	1:50000	3
04072017	A11	1	1.104939086	1	18502	18856	19098	19201	50000	50	1:50000	3
04072017	A12	1	0.989716294	1	18502	18856	19098	19201	50000	50	1:50000	3
04072017	B01	1	0.849280343	1	18502	18856	19098	19201	50000	50	1:50000	3
04072017	B02	1	1.100204152	1	18502	18856	19098	19201	50000	50	1:50000	3
04072017	B03	1	1.150269685	1	18502	18856	19098	19201	50000	50	1:50000	3
04072017	B04	1	1.146315442	1	18502	18856	19098	19201	50000	50	1:50000	3
04072017	B05	1	1.093095404	1	18502	18856	19098	19201	50000	50	1:50000	3
04072017	B06	1	1.10416566	1	18502	18856	19098	19201	50000	50	1:50000	3
04072017	B07	1	1.093409459	1	18502	18856	19098	19201	50000	50	1:50000	3
04072017	B08	1	1.219919808	1	18502	18856	19098	19201	50000	50	1:50000	3
04072017	B09	1	0.883325169	1	18502	18856	19098	19201	50000	50	1:50000	3
04072017	B10	1	0.889571154	1	18502	18856	19098	19201	50000	50	1:50000	3
04072017	B11	0	0.624605819	1	18502	18856	19098	19201	50000	50	1:50000	3
04072017	B12	1	1.312472233	1	18502	18856	19098	19201	50000	50	1:50000	3
04072017	C01	1	1.026136411	1	18502	18856	19098	19201	50000	50	1:50000	3
04072017	C02	1	0.011261446	1	18502	18856	19098	19201	50000	50	1:50000	3
04072017	C03	1	0.984889138	1	18502	18856	19098	19201	50000	50	1:50000	3
04072017	C04	1	1.039188183	1	18502	18856	19098	19201	50000	50	1:50000	3
04072017	C05	1	0.058093586	1	18502	18856	19098	19201	50000	50	1:50000	3
04072017	C06	1	1.1244932	1	18502	18856	19098	19201	50000	50	1:50000	3
04072017	C07	1	1.062407279	1	18502	18856	19098	19201	50000	50	1:50000	3
04072017	C08	0	1.115746004	1	18502	18856	19098	19201	50000	50	1:50000	3
04072017	C09	1	1.234967175	1	18502	18856	19098	19201	50000	50	1:50000	3
04072017	C10	1	1.003078505	1	18502	18856	19098	19201	50000	50	1:50000	3
04072017	C11	1	0.64923188	1	18502	18856	19098	19201	50000	50	1:50000	3
04072017	C12	1	1.060894259	1	18502	18856	19098	19201	50000	50	1:50000	3
04072017	D01	1	1.108450249	1	18502	18856	19098	19201	50000	50	1:50000	3
04072017	D02	0	1.32259832	1	18502	18856	19098	19201	50000	50	1:50000	3
04072017	D03	1	1.402905249	1	18502	18856	19098	19201	50000	50	1:50000	3
04072017	D04	1	0.021234371	1	18502	18856	19098	19201	50000	50	1:50000	3
04072017	D05	1	0.10286553	1	18502	18856	19098	19201	50000	50	1:50000	3
04072017	D06	1	0.028825127	1	18502	18856	19098	19201	50000	50	1:50000	3
04072017	D07	1	1.029402109	1	18502	18856	19098	19201	50000	50	1:50000	3
04072017	D08	1	0	1	18502	18856	19098	19201	50000	50	1:50000	3
04072017	D09	1	1.118377122	1	18502	18856	19098	19201	50000	50	1:50000	3
04072017	D10	1	0.236645965	1	18502	18856	19098	19201	50000	50	1:50000	3
04072017	D11	1	1.167673011	1	18502	18856	19098	19201	50000	50	1:50000	3
04072017	D12	1	1.200362995	1	18502	18856	19098	19201	50000	50	1:50000	3
04072017	E01	1	1.102967375	1	18502	18856	19098	19201	50000	50	1:50000	3
04072017	E02	1	0.085577321	1	18502	18856	19098	19201	50000	50	1:50000	3
04072017	E03	1	1.342955905	1	18502	18856	19098	19201	50000	50	1:50000	3
04072017	E04	0	0.840489115	1	18502	18856	19098	19201	50000	50	1:50000	3
04072017	E05	0	1.216631023	1	18502	18856	19098	19201	50000	50	1:50000	3
04072017	E06	0	1.048068114	1	18502	18856	19098	19201	50000	50	1:50000	3
04072017	E07	1	1.209378248	1	18502	18856	19098	19201	50000	50	1:50000	3
04072017	E08	1	0.952781609	1	18502	18856	19098	19201	50000	50	1:50000	3
04072017	E09	1	1.326523117	1	18502	18856	19098	19201	50000	50	1:50000	3
04072017	E10	1	1.180693213	1	18502	18856	19098	19201	50000	50	1:50000	3
04072017	E11	1	1.42626954	1	18502	18856	19098	19201	50000	50	1:50000	3
04072017	E12	1	1.678794409	1	18502	18856	19098	19201	50000	50	1:50000	3
04072017	F01	1	1.283025673	1	18502	18856	19098	19201	50000	50	1:50000	3
04072017	F02	1	1.278731488	1	18502	18856	19098	19201	50000	50	1:50000	3
04072017	F03	1	1.413549213	1	18502	18856	19098	19201	50000	50	1:50000	3
04072017	F04	1	1.48041813	1	18502	18856	19098	19201	50000	50	1:50000	3
04072017	F05	1	1.332826252	1	18502	18856	19098	19201	50000	50	1:50000	3
04072017	F06	1	1.336235786	1	18502	18856	19098	19201	50000	50	1:50000	3
04072017	F07	1	0.861357021	1	18502	18856	19098	19201	50000	50	1:50000	3
04072017	F08	0	0.141160099	1	18502	18856	19098	19201	50000	50	1:50000	3
04072017	F09	1	1.221129916	1	18502	18856	19098	19201	50000	50	1:50000	3
04072017	F10	1	1.233176027	1	18502	18856	19098	19201	50000	50	1:50000	3
04072017	F11	1	1.362113064	1	18502	18856	19098	19201	50000	50	1:50000	3
04072017	F12	1	1.743637259	1	18502	18856	19098	19201	50000	50	1:50000	3
04072017	G01	1	0.33482493	1	18502	18856	19098	19201	50000	50	1:50000	3
04072017	G02	1	0.985230352	1	18502	18856	19098	19201	50000	50	1:50000	3
04072017	G03	1	1.220621565	1	18502	18856	19098	19201	50000	50	1:50000	3
04072017	G04	1	1.534849782	1	18502	18856	19098	19201	50000	50	1:50000	3
04072017	G05	1	0	1	18502	18856	19098	19201	50000	50	1:50000	3
04072017	G06	1	1.047783968	1	18502	18856	19098	19201	50000	50	1:50000	3
04072017	G07	1	1.096420661	1	18502	18856	19098	19201	50000	50	1:50000	3
04072017	G08	1	1.311672423	1	18502	18856	19098	19201	50000	50	1:50000	3
04072017	G09	1	1.360946231	1	18502	18856	19098	19201	50000	50	1:50000	3
04072017	G10	1	1.119572706	1	18502	18856	19098	19201	50000	50	1:50000	3
04072017	G11	1	1.424898171	1	18502	18856	19098	19201	50000	50	1:50000	3
04072017	G12	0	0.13857556	1	18502	18856	19098	19201	50000	50	1:50000	3
04072017	H01	1	1.183299592	1	18502	18856	19098	19201	50000	50	1:50000	3
04072017	H02	1	0.490384087	1	18502	18856	19098	19201	50000	50	1:50000	3
04072017	H03	1	1.408072905	1	18502	18856	19098	19201	50000	50	1:50000	3
04072017	H04	1	1.579133884	1	18502	18856	19098	19201	50000	50	1:50000	3
04072017	H05	1	1.632792274	1	18502	18856	19098	19201	50000	50	1:50000	3
04072017	H06	1	0.626983391	1	18502	18856	19098	19201	50000	50	1:50000	3
04072017	H07	1	0.944187628	1	18502	18856	19098	19201	50000	50	1:50000	3
04072017	H08	1	1.121691842	1	18502	18856	19098	19201	50000	50	1:50000	3
04072017	H09	1	1.259442564	1	18502	18856	19098	19201	50000	50	1:50000	3
04072017	H10	1	1.584269279	1	18502	18856	19098	19201	50000	50	1:50000	3
04072017	H11	1	0.441940251	1	18502	18856	19098	19201	50000	50	1:50000	3
04072017	H12	0	0.149872562	1	18502	18856	19098	19201	50000	50	1:50000	3
04132017	A01	1	1.75381481	1	18498	18520	18522	19203	50000	50	1:50000	3
04132017	A02	1	1.245658185	1	18498	18520	18522	19203	50000	50	1:50000	3
04132017	A03	1	1.801896208	1	18498	18520	18522	19203	50000	50	1:50000	3
04132017	A04	1	0.732455256	1	18498	18520	18522	19203	50000	50	1:50000	3
04132017	A05	1	1.910416957	1	18498	18520	18522	19203	50000	50	1:50000	3
04132017	A06	1	1.868681675	1	18498	18520	18522	19203	50000	50	1:50000	3
04132017	A07	1	0.79279387	1	18498	18520	18522	19203	50000	50	1:50000	3
04132017	A08	1	0.763142954	1	18498	18520	18522	19203	50000	50	1:50000	3
04132017	A09	1	1.620708899	1	18498	18520	18522	19203	50000	50	1:50000	3
04132017	A10	1	0.97294372	1	18498	18520	18522	19203	50000	50	1:50000	3
04132017	A11	1	2.219041987	1	18498	18520	18522	19203	50000	50	1:50000	3
04132017	A12	1	2.220534768	1	18498	18520	18522	19203	50000	50	1:50000	3
04132017	B01	1	2.047373191	1	18498	18520	18522	19203	50000	50	1:50000	3
04132017	B02	0	0.416554738	1	18498	18520	18522	19203	50000	50	1:50000	3
04132017	B03	1	1.631381251	1	18498	18520	18522	19203	50000	50	1:50000	3
04132017	B04	1	1.566687535	1	18498	18520	18522	19203	50000	50	1:50000	3
04132017	B05	1	2.036279188	1	18498	18520	18522	19203	50000	50	1:50000	3
04132017	B06	0	0.505510327	1	18498	18520	18522	19203	50000	50	1:50000	3
04132017	B07	1	0.833565259	1	18498	18520	18522	19203	50000	50	1:50000	3
04132017	B08	1	2.021052697	1	18498	18520	18522	19203	50000	50	1:50000	3
04132017	B09	0	0.434177007	1	18498	18520	18522	19203	50000	50	1:50000	3
04132017	B10	1	0.661787985	1	18498	18520	18522	19203	50000	50	1:50000	3
04132017	B11	1	1.562344795	1	18498	18520	18522	19203	50000	50	1:50000	3
04132017	B12	1	2.220504324	1	18498	18520	18522	19203	50000	50	1:50000	3
04132017	C01	1	1.623018113	1	18498	18520	18522	19203	50000	50	1:50000	3
04132017	C02	1	1.702712357	1	18498	18520	18522	19203	50000	50	1:50000	3
04132017	C03	1	1.969047521	1	18498	18520	18522	19203	50000	50	1:50000	3
04132017	C04	1	0.860083005	1	18498	18520	18522	19203	50000	50	1:50000	3
04132017	C05	1	2.209330049	1	18498	18520	18522	19203	50000	50	1:50000	3
04132017	C06	1	1.405175965	1	18498	18520	18522	19203	50000	50	1:50000	3
04132017	C07	1	1.922414772	1	18498	18520	18522	19203	50000	50	1:50000	3
04132017	C08	1	2.070796572	1	18498	18520	18522	19203	50000	50	1:50000	3
04132017	C09	1	0.584223025	1	18498	18520	18522	19203	50000	50	1:50000	3
04132017	C10	1	1.482515388	1	18498	18520	18522	19203	50000	50	1:50000	3
04132017	C11	1	1.966582435	1	18498	18520	18522	19203	50000	50	1:50000	3
04132017	C12	1	1.838497802	1	18498	18520	18522	19203	50000	50	1:50000	3
04132017	D01	1	1.641883132	1	18498	18520	18522	19203	50000	50	1:50000	3
04132017	D02	1	0.825699142	1	18498	18520	18522	19203	50000	50	1:50000	3
04132017	D03	1	1.930119369	1	18498	18520	18522	19203	50000	50	1:50000	3
04132017	D04	1	0.577262256	1	18498	18520	18522	19203	50000	50	1:50000	3
04132017	D05	1	2.00548436	1	18498	18520	18522	19203	50000	50	1:50000	3
04132017	D06	1	1.604622795	1	18498	18520	18522	19203	50000	50	1:50000	3
04132017	D07	1	1.599543055	1	18498	18520	18522	19203	50000	50	1:50000	3
04132017	D08	1	1.992371559	1	18498	18520	18522	19203	50000	50	1:50000	3
04132017	D09	1	1.827116958	1	18498	18520	18522	19203	50000	50	1:50000	3
04132017	D10	1	1.964881255	1	18498	18520	18522	19203	50000	50	1:50000	3
04132017	D11	0	0.421267334	1	18498	18520	18522	19203	50000	50	1:50000	3
04132017	D12	1	0.892920234	1	18498	18520	18522	19203	50000	50	1:50000	3
04132017	E01	1	1.251354428	1	18498	18520	18522	19203	50000	50	1:50000	3
04132017	E02	1	1.161047246	1	18498	18520	18522	19203	50000	50	1:50000	3
04132017	E03	1	1.377922354	1	18498	18520	18522	19203	50000	50	1:50000	3
04132017	E04	1	1.905838368	1	18498	18520	18522	19203	50000	50	1:50000	3
04132017	E05	1	2.051583745	1	18498	18520	18522	19203	50000	50	1:50000	3
04132017	E06	1	1.701971415	1	18498	18520	18522	19203	50000	50	1:50000	3
04132017	E07	1	1.099740369	1	18498	18520	18522	19203	50000	50	1:50000	3
04132017	E08	1	1.31203592	1	18498	18520	18522	19203	50000	50	1:50000	3
04132017	E09	1	2.065438694	1	18498	18520	18522	19203	50000	50	1:50000	3
04132017	E10	1	1.234650211	1	18498	18520	18522	19203	50000	50	1:50000	3
04132017	E11	1	1.790714559	1	18498	18520	18522	19203	50000	50	1:50000	3
04132017	E12	1	1.774585462	1	18498	18520	18522	19203	50000	50	1:50000	3
04132017	F01	1	1.756506012	1	18498	18520	18522	19203	50000	50	1:50000	3
04132017	F02	1	0.874041711	1	18498	18520	18522	19203	50000	50	1:50000	3
04132017	F03	1	2.3820103	1	18498	18520	18522	19203	50000	50	1:50000	3
04132017	F04	1	2.05769746	1	18498	18520	18522	19203	50000	50	1:50000	3
04132017	F05	1	1.443245395	1	18498	18520	18522	19203	50000	50	1:50000	3
04132017	F06	1	1.902915148	1	18498	18520	18522	19203	50000	50	1:50000	3
04132017	F07	1	0.678133005	1	18498	18520	18522	19203	50000	50	1:50000	3
04132017	F08	1	1.584349857	1	18498	18520	18522	19203	50000	50	1:50000	3
04132017	F09	1	2.130099704	1	18498	18520	18522	19203	50000	50	1:50000	3
04132017	F10	1	0.755366506	1	18498	18520	18522	19203	50000	50	1:50000	3
04132017	F11	1	1.249066007	1	18498	18520	18522	19203	50000	50	1:50000	3
04132017	F12	1	1.685026508	1	18498	18520	18522	19203	50000	50	1:50000	3
04132017	G01	1	1.68523023	1	18498	18520	18522	19203	50000	50	1:50000	3
04132017	G02	1	1.964106306	1	18498	18520	18522	19203	50000	50	1:50000	3
04132017	G03	1	1.46295744	1	18498	18520	18522	19203	50000	50	1:50000	3
04132017	G04	0	0.444684119	1	18498	18520	18522	19203	50000	50	1:50000	3
04132017	G05	1	1.544254913	1	18498	18520	18522	19203	50000	50	1:50000	3
04132017	G06	1	2.346073028	1	18498	18520	18522	19203	50000	50	1:50000	3
04132017	G07	1	1.213616894	1	18498	18520	18522	19203	50000	50	1:50000	3
04132017	G08	1	2.218332647	1	18498	18520	18522	19203	50000	50	1:50000	3
04132017	G09	1	1.558363284	1	18498	18520	18522	19203	50000	50	1:50000	3
04132017	G10	1	1.776168799	1	18498	18520	18522	19203	50000	50	1:50000	3
04132017	G11	1	1.800184106	1	18498	18520	18522	19203	50000	50	1:50000	3
04132017	G12	0	0.49401056	1	18498	18520	18522	19203	50000	50	1:50000	3
04132017	H01	1	2.051560302	1	18498	18520	18522	19203	50000	50	1:50000	3
04132017	H02	1	0.963364604	1	18498	18520	18522	19203	50000	50	1:50000	3
04132017	H03	1	1.508147137	1	18498	18520	18522	19203	50000	50	1:50000	3
04132017	H04	0	0.475781668	1	18498	18520	18522	19203	50000	50	1:50000	3
04132017	H05	0	0.588791628	1	18498	18520	18522	19203	50000	50	1:50000	3
04132017	H06	1	0.595377931	1	18498	18520	18522	19203	50000	50	1:50000	3
04132017	H07	1	2.290570401	1	18498	18520	18522	19203	50000	50	1:50000	3
04132017	H08	1	2.304837965	1	18498	18520	18522	19203	50000	50	1:50000	3
04132017	H09	1	1.979741673	1	18498	18520	18522	19203	50000	50	1:50000	3
04132017	H10	0	0.517546674	1	18498	18520	18522	19203	50000	50	1:50000	3
04132017	H11	1	1.439947678	1	18498	18520	18522	19203	50000	50	1:50000	3
04132017	H12	1	1.573725033	1	18498	18520	18522	19203	50000	50	1:50000	3
04142017	A01	1	NA	1	18498	18510	18520	19203	5000	25000	1:100000	2
04142017	A02	1	NA	1	18498	18510	18520	19203	5000	25000	1:100000	2
04142017	A03	1	NA	1	18498	18510	18520	19203	5000	25000	1:100000	2
04142017	A04	1	NA	1	18498	18510	18520	19203	5000	25000	1:100000	2
04142017	A05	1	NA	1	18498	18510	18520	19203	5000	25000	1:100000	2
04142017	A06	1	NA	1	18498	18510	18520	19203	5000	25000	1:100000	2
04142017	A07	1	NA	1	18498	18510	18520	19203	5000	25000	1:100000	2
04142017	A08	1	NA	1	18498	18510	18520	19203	5000	25000	1:100000	2
04142017	A09	1	NA	1	18498	18510	18520	19203	5000	25000	1:100000	2
04142017	A10	1	NA	1	18498	18510	18520	19203	5000	25000	1:100000	2
04142017	A11	1	NA	1	18498	18510	18520	19203	5000	25000	1:100000	2
04142017	A12	1	NA	1	18498	18510	18520	19203	5000	25000	1:100000	2
04142017	B01	1	NA	1	18498	18510	18520	19203	5000	25000	1:100000	2
04142017	B02	0	NA	1	18498	18510	18520	19203	5000	25000	1:100000	2
04142017	B03	1	NA	1	18498	18510	18520	19203	5000	25000	1:100000	2
04142017	B04	1	NA	1	18498	18510	18520	19203	5000	25000	1:100000	2
04142017	B05	0	NA	1	18498	18510	18520	19203	5000	25000	1:100000	2
04142017	B06	1	NA	1	18498	18510	18520	19203	5000	25000	1:100000	2
04142017	B07	1	NA	1	18498	18510	18520	19203	5000	25000	1:100000	2
04142017	B08	1	NA	1	18498	18510	18520	19203	5000	25000	1:100000	2
04142017	B09	1	NA	1	18498	18510	18520	19203	5000	25000	1:100000	2
04142017	B10	1	NA	1	18498	18510	18520	19203	5000	25000	1:100000	2
04142017	B11	1	NA	1	18498	18510	18520	19203	5000	25000	1:100000	2
04142017	B12	1	NA	1	18498	18510	18520	19203	5000	25000	1:100000	2
04142017	C01	1	NA	1	18498	18510	18520	19203	5000	25000	1:100000	2
04142017	C02	1	NA	1	18498	18510	18520	19203	5000	25000	1:100000	2
04142017	C03	1	NA	1	18498	18510	18520	19203	5000	25000	1:100000	2
04142017	C04	1	NA	1	18498	18510	18520	19203	5000	25000	1:100000	2
04142017	C05	2	NA	1	18498	18510	18520	19203	5000	25000	1:100000	2
04142017	C06	1	NA	1	18498	18510	18520	19203	5000	25000	1:100000	2
04142017	C07	1	NA	1	18498	18510	18520	19203	5000	25000	1:100000	2
04142017	C08	1	NA	1	18498	18510	18520	19203	5000	25000	1:100000	2
04142017	C09	1	NA	1	18498	18510	18520	19203	5000	25000	1:100000	2
04142017	C10	1	NA	1	18498	18510	18520	19203	5000	25000	1:100000	2
04142017	C11	1	NA	1	18498	18510	18520	19203	5000	25000	1:100000	2
04142017	C12	1	NA	1	18498	18510	18520	19203	5000	25000	1:100000	2
04142017	D01	1	NA	1	18498	18510	18520	19203	5000	25000	1:100000	2
04142017	D02	1	NA	1	18498	18510	18520	19203	5000	25000	1:100000	2
04142017	D03	1	NA	1	18498	18510	18520	19203	5000	25000	1:100000	2
04142017	D04	1	NA	1	18498	18510	18520	19203	5000	25000	1:100000	2
04142017	D05	1	NA	1	18498	18510	18520	19203	5000	25000	1:100000	2
04142017	D06	1	NA	1	18498	18510	18520	19203	5000	25000	1:100000	2
04142017	D07	1	NA	1	18498	18510	18520	19203	5000	25000	1:100000	2
04142017	D08	1	NA	1	18498	18510	18520	19203	5000	25000	1:100000	2
04142017	D09	1	NA	1	18498	18510	18520	19203	5000	25000	1:100000	2
04142017	D10	1	NA	1	18498	18510	18520	19203	5000	25000	1:100000	2
04142017	D11	1	NA	1	18498	18510	18520	19203	5000	25000	1:100000	2
04142017	D12	1	NA	1	18498	18510	18520	19203	5000	25000	1:100000	2
04142017	E01	1	NA	1	18498	18510	18520	19203	5000	25000	1:100000	2
04142017	E02	1	NA	1	18498	18510	18520	19203	5000	25000	1:100000	2
04142017	E03	1	NA	1	18498	18510	18520	19203	5000	25000	1:100000	2
04142017	E04	1	NA	1	18498	18510	18520	19203	5000	25000	1:100000	2
04142017	E05	1	NA	1	18498	18510	18520	19203	5000	25000	1:100000	2
04142017	E06	1	NA	1	18498	18510	18520	19203	5000	25000	1:100000	2
04142017	E07	1	NA	1	18498	18510	18520	19203	5000	25000	1:100000	2
04142017	E08	1	NA	1	18498	18510	18520	19203	5000	25000	1:100000	2
04142017	E09	1	NA	1	18498	18510	18520	19203	5000	25000	1:100000	2
04142017	E10	0	NA	1	18498	18510	18520	19203	5000	25000	1:100000	2
04142017	E11	0	NA	1	18498	18510	18520	19203	5000	25000	1:100000	2
04142017	E12	1	NA	1	18498	18510	18520	19203	5000	25000	1:100000	2
04142017	F01	1	NA	1	18498	18510	18520	19203	5000	25000	1:100000	2
04142017	F02	1	NA	1	18498	18510	18520	19203	5000	25000	1:100000	2
04142017	F03	1	NA	1	18498	18510	18520	19203	5000	25000	1:100000	2
04142017	F04	1	NA	1	18498	18510	18520	19203	5000	25000	1:100000	2
04142017	F05	1	NA	1	18498	18510	18520	19203	5000	25000	1:100000	2
04142017	F06	1	NA	1	18498	18510	18520	19203	5000	25000	1:100000	2
04142017	F07	0	NA	1	18498	18510	18520	19203	5000	25000	1:100000	2
04142017	F08	1	NA	1	18498	18510	18520	19203	5000	25000	1:100000	2
04142017	F09	1	NA	1	18498	18510	18520	19203	5000	25000	1:100000	2
04142017	F10	1	NA	1	18498	18510	18520	19203	5000	25000	1:100000	2
04142017	F11	1	NA	1	18498	18510	18520	19203	5000	25000	1:100000	2
04142017	F12	1	NA	1	18498	18510	18520	19203	5000	25000	1:100000	2
04142017	G01	1	NA	1	18498	18510	18520	19203	5000	25000	1:100000	2
04142017	G02	1	NA	1	18498	18510	18520	19203	5000	25000	1:100000	2
04142017	G03	1	NA	1	18498	18510	18520	19203	5000	25000	1:100000	2
04142017	G04	1	NA	1	18498	18510	18520	19203	5000	25000	1:100000	2
04142017	G05	0	NA	1	18498	18510	18520	19203	5000	25000	1:100000	2
04142017	G06	1	NA	1	18498	18510	18520	19203	5000	25000	1:100000	2
04142017	G07	1	NA	1	18498	18510	18520	19203	5000	25000	1:100000	2
04142017	G08	1	NA	1	18498	18510	18520	19203	5000	25000	1:100000	2
04142017	G09	1	NA	1	18498	18510	18520	19203	5000	25000	1:100000	2
04142017	G10	1	NA	1	18498	18510	18520	19203	5000	25000	1:100000	2
04142017	G11	1	NA	1	18498	18510	18520	19203	5000	25000	1:100000	2
04142017	G12	1	NA	0	18498	18510	18520	19203	5000	25000	1:100000	2
04142017	H01	2	NA	1	18498	18510	18520	19203	5000	25000	1:100000	2
04142017	H02	0	NA	1	18498	18510	18520	19203	5000	25000	1:100000	2
04142017	H03	1	NA	0	18498	18510	18520	19203	5000	25000	1:100000	2
04142017	H04	1	NA	1	18498	18510	18520	19203	5000	25000	1:100000	2
04142017	H05	1	NA	1	18498	18510	18520	19203	5000	25000	1:100000	2
04142017	H06	1	NA	1	18498	18510	18520	19203	5000	25000	1:100000	2
04142017	H07	2	NA	1	18498	18510	18520	19203	5000	25000	1:100000	2
04142017	H08	1	NA	1	18498	18510	18520	19203	5000	25000	1:100000	2
04142017	H09	1	NA	1	18498	18510	18520	19203	5000	25000	1:100000	2
04142017	H10	1	NA	1	18498	18510	18520	19203	5000	25000	1:100000	2
04142017	H11	1	NA	1	18498	18510	18520	19203	5000	25000	1:100000	2
04142017	H12	1	NA	1	18498	18510	18520	19203	5000	25000	1:100000	2
04202017	A01	1	NA	1	18498	18508	18856	19190	50000	50	1:100000	2
04202017	A02	1	NA	1	18498	18508	18856	19190	50000	50	1:100000	2
04202017	A03	1	NA	1	18498	18508	18856	19190	50000	50	1:100000	2
04202017	A04	1	NA	1	18498	18508	18856	19190	50000	50	1:100000	2
04202017	A05	1	NA	1	18498	18508	18856	19190	50000	50	1:100000	2
04202017	A06	1	NA	1	18498	18508	18856	19190	50000	50	1:100000	2
04202017	A07	1	NA	1	18498	18508	18856	19190	50000	50	1:100000	2
04202017	A08	1	NA	1	18498	18508	18856	19190	50000	50	1:100000	2
04202017	A09	1	NA	1	18498	18508	18856	19190	50000	50	1:100000	2
04202017	A10	1	NA	1	18498	18508	18856	19190	50000	50	1:100000	2
04202017	A11	1	NA	1	18498	18508	18856	19190	50000	50	1:100000	2
04202017	A12	1	NA	1	18498	18508	18856	19190	50000	50	1:100000	2
04202017	B01	1	NA	1	18498	18508	18856	19190	50000	50	1:100000	2
04202017	B02	1	NA	1	18498	18508	18856	19190	50000	50	1:100000	2
04202017	B03	1	NA	1	18498	18508	18856	19190	50000	50	1:100000	2
04202017	B04	1	NA	1	18498	18508	18856	19190	50000	50	1:100000	2
04202017	B05	2	NA	1	18498	18508	18856	19190	50000	50	1:100000	2
04202017	B06	1	NA	1	18498	18508	18856	19190	50000	50	1:100000	2
04202017	B07	1	NA	1	18498	18508	18856	19190	50000	50	1:100000	2
04202017	B08	1	NA	1	18498	18508	18856	19190	50000	50	1:100000	2
04202017	B09	1	NA	1	18498	18508	18856	19190	50000	50	1:100000	2
04202017	B10	1	NA	1	18498	18508	18856	19190	50000	50	1:100000	2
04202017	B11	1	NA	1	18498	18508	18856	19190	50000	50	1:100000	2
04202017	B12	1	NA	1	18498	18508	18856	19190	50000	50	1:100000	2
04202017	C01	1	NA	1	18498	18508	18856	19190	50000	50	1:100000	2
04202017	C02	1	NA	1	18498	18508	18856	19190	50000	50	1:100000	2
04202017	C03	1	NA	1	18498	18508	18856	19190	50000	50	1:100000	2
04202017	C04	1	NA	1	18498	18508	18856	19190	50000	50	1:100000	2
04202017	C05	1	NA	1	18498	18508	18856	19190	50000	50	1:100000	2
04202017	C06	1	NA	1	18498	18508	18856	19190	50000	50	1:100000	2
04202017	C07	1	NA	1	18498	18508	18856	19190	50000	50	1:100000	2
04202017	C08	1	NA	1	18498	18508	18856	19190	50000	50	1:100000	2
04202017	C09	1	NA	1	18498	18508	18856	19190	50000	50	1:100000	2
04202017	C10	1	NA	1	18498	18508	18856	19190	50000	50	1:100000	2
04202017	C11	1	NA	1	18498	18508	18856	19190	50000	50	1:100000	2
04202017	C12	1	NA	1	18498	18508	18856	19190	50000	50	1:100000	2
04202017	D01	1	NA	1	18498	18508	18856	19190	50000	50	1:100000	2
04202017	D02	1	NA	1	18498	18508	18856	19190	50000	50	1:100000	2
04202017	D03	1	NA	1	18498	18508	18856	19190	50000	50	1:100000	2
04202017	D04	1	NA	1	18498	18508	18856	19190	50000	50	1:100000	2
04202017	D05	1	NA	1	18498	18508	18856	19190	50000	50	1:100000	2
04202017	D06	1	NA	1	18498	18508	18856	19190	50000	50	1:100000	2
04202017	D07	1	NA	1	18498	18508	18856	19190	50000	50	1:100000	2
04202017	D08	1	NA	1	18498	18508	18856	19190	50000	50	1:100000	2
04202017	D09	1	NA	1	18498	18508	18856	19190	50000	50	1:100000	2
04202017	D10	1	NA	1	18498	18508	18856	19190	50000	50	1:100000	2
04202017	D11	1	NA	1	18498	18508	18856	19190	50000	50	1:100000	2
04202017	D12	1	NA	1	18498	18508	18856	19190	50000	50	1:100000	2
04202017	E01	1	NA	1	18498	18508	18856	19190	50000	50	1:100000	2
04202017	E02	1	NA	1	18498	18508	18856	19190	50000	50	1:100000	2
04202017	E03	1	NA	1	18498	18508	18856	19190	50000	50	1:100000	2
04202017	E04	1	NA	1	18498	18508	18856	19190	50000	50	1:100000	2
04202017	E05	1	NA	1	18498	18508	18856	19190	50000	50	1:100000	2
04202017	E06	1	NA	1	18498	18508	18856	19190	50000	50	1:100000	2
04202017	E07	0	NA	1	18498	18508	18856	19190	50000	50	1:100000	2
04202017	E08	1	NA	1	18498	18508	18856	19190	50000	50	1:100000	2
04202017	E09	1	NA	1	18498	18508	18856	19190	50000	50	1:100000	2
04202017	E10	1	NA	1	18498	18508	18856	19190	50000	50	1:100000	2
04202017	E11	1	NA	1	18498	18508	18856	19190	50000	50	1:100000	2
04202017	E12	1	NA	1	18498	18508	18856	19190	50000	50	1:100000	2
04202017	F01	1	NA	1	18498	18508	18856	19190	50000	50	1:100000	2
04202017	F02	1	NA	1	18498	18508	18856	19190	50000	50	1:100000	2
04202017	F03	1	NA	1	18498	18508	18856	19190	50000	50	1:100000	2
04202017	F04	1	NA	1	18498	18508	18856	19190	50000	50	1:100000	2
04202017	F05	1	NA	1	18498	18508	18856	19190	50000	50	1:100000	2
04202017	F06	1	NA	1	18498	18508	18856	19190	50000	50	1:100000	2
04202017	F07	1	NA	1	18498	18508	18856	19190	50000	50	1:100000	2
04202017	F08	1	NA	1	18498	18508	18856	19190	50000	50	1:100000	2
04202017	F09	1	NA	1	18498	18508	18856	19190	50000	50	1:100000	2
04202017	F10	1	NA	1	18498	18508	18856	19190	50000	50	1:100000	2
04202017	F11	0	NA	1	18498	18508	18856	19190	50000	50	1:100000	2
04202017	F12	1	NA	1	18498	18508	18856	19190	50000	50	1:100000	2
04202017	G01	1	NA	1	18498	18508	18856	19190	50000	50	1:100000	2
04202017	G02	1	NA	1	18498	18508	18856	19190	50000	50	1:100000	2
04202017	G03	1	NA	1	18498	18508	18856	19190	50000	50	1:100000	2
04202017	G04	1	NA	1	18498	18508	18856	19190	50000	50	1:100000	2
04202017	G05	1	NA	1	18498	18508	18856	19190	50000	50	1:100000	2
04202017	G06	1	NA	1	18498	18508	18856	19190	50000	50	1:100000	2
04202017	G07	1	NA	1	18498	18508	18856	19190	50000	50	1:100000	2
04202017	G08	1	NA	1	18498	18508	18856	19190	50000	50	1:100000	2
04202017	G09	1	NA	1	18498	18508	18856	19190	50000	50	1:100000	2
04202017	G10	1	NA	1	18498	18508	18856	19190	50000	50	1:100000	2
04202017	G11	0	NA	1	18498	18508	18856	19190	50000	50	1:100000	2
04202017	G12	1	NA	1	18498	18508	18856	19190	50000	50	1:100000	2
04202017	H01	2	NA	1	18498	18508	18856	19190	50000	50	1:100000	2
04202017	H02	1	NA	1	18498	18508	18856	19190	50000	50	1:100000	2
04202017	H03	1	NA	1	18498	18508	18856	19190	50000	50	1:100000	2
04202017	H04	1	NA	1	18498	18508	18856	19190	50000	50	1:100000	2
04202017	H05	1	NA	1	18498	18508	18856	19190	50000	50	1:100000	2
04202017	H06	1	NA	1	18498	18508	18856	19190	50000	50	1:100000	2
04202017	H07	1	NA	1	18498	18508	18856	19190	50000	50	1:100000	2
04202017	H08	1	NA	1	18498	18508	18856	19190	50000	50	1:100000	2
04202017	H09	1	NA	1	18498	18508	18856	19190	50000	50	1:100000	2
04202017	H10	1	NA	1	18498	18508	18856	19190	50000	50	1:100000	2
04202017	H11	0	NA	1	18498	18508	18856	19190	50000	50	1:100000	2
04202017	H12	0	NA	1	18498	18508	18856	19190	50000	50	1:100000	2
