sample	chip_id	chipmix	freemix	snps	reads	avg_dp	min_dp	snps_w_min
03162017-A01_S193	NA19098	0.29581	0.16808	311848	718	0.00	1	589
03162017-A02_S194	NA18505	0.13881	0.05019	311848	3274	0.01	1	1874
03162017-A03_S195	NA18856	0.70950	0.00000	311848	290	0.00	1	263
03162017-A04_S196	NA19098	0.23550	0.24901	311848	789	0.00	1	477
03162017-A05_S197	NA18520	0.59094	0.29020	311848	536	0.00	1	415
03162017-A06_S198	NA18520	0.18003	0.12005	311848	2984	0.01	1	1751
03162017-A07_S199	NA19098	0.12541	0.06535	311848	2622	0.01	1	1406
03162017-A08_S200	NA18505	0.15394	0.07414	311848	2885	0.01	1	1673
03162017-A09_S201	NA18505	0.13328	0.07912	311848	3229	0.01	1	1941
03162017-A10_S202	NA18520	0.19454	0.10782	311848	2500	0.01	1	1517
03162017-A11_S203	NA18520	0.67123	0.11641	311848	563	0.00	1	432
03162017-A12_S204	NA18520	0.18206	0.05051	311848	2134	0.01	1	1381
03162017-B01_S205	NA19098	0.20116	0.14293	311848	2772	0.01	1	1603
03162017-B02_S206	NA18505	0.56362	0.49992	311848	824	0.00	1	581
03162017-B03_S207	NA18520	0.25411	0.11181	311848	3431	0.01	1	2115
03162017-B04_S208	NA18520	0.63323	0.00000	311848	272	0.00	1	226
03162017-B05_S209	NA18520	0.28210	0.19099	311848	1797	0.01	1	1136
03162017-B06_S210	NA18523	0.33885	0.00000	311848	167	0.00	1	151
03162017-B07_S211	NA18852	0.18673	0.08609	311848	2722	0.01	1	1613
03162017-B08_S212	NA18505	0.72232	0.00000	311848	486	0.00	1	354
03162017-B09_S213	NA18852	0.23443	0.04793	311848	3374	0.01	1	1776
03162017-B10_S214	NA18520	0.15869	0.15528	311848	2581	0.01	1	1549
03162017-B11_S215	NA18505	0.40573	0.23573	311848	4997	0.02	1	2868
03162017-B12_S216	NA18505	0.16949	0.10948	311848	2690	0.01	1	1455
03162017-C01_S217	NA18520	0.26178	0.49992	311848	536	0.00	1	425
03162017-C02_S218	NA18520	0.18106	0.12771	311848	3651	0.01	1	1966
03162017-C03_S219	NA18505	0.21982	0.17729	311848	3135	0.01	1	1754
03162017-C04_S220	NA18520	0.18395	0.05183	311848	2779	0.01	1	1569
03162017-C05_S221	NA19098	0.20458	0.15798	311848	2855	0.01	1	1442
03162017-C06_S222	NA18852	0.13121	0.10875	311848	3229	0.01	1	1778
03162017-C07_S223	NA18505	0.38194	0.16574	311848	3441	0.01	1	1853
03162017-C08_S224	NA18852	0.42309	0.13572	311848	546	0.00	1	445
03162017-C09_S225	NA18520	0.29634	0.09267	311848	2514	0.01	1	1349
03162017-C10_S226	NA18520	0.24873	0.05793	311848	3075	0.01	1	1697
03162017-C11_S227	NA18852	0.22596	0.14660	311848	1957	0.01	1	1070
03162017-C12_S228	NA19098	0.37510	0.19951	311848	1313	0.00	1	1006
03162017-D01_S229	NA18505	0.08536	0.04088	311848	4893	0.02	1	2533
03162017-D02_S230	NA19098	0.11326	0.16746	311848	945	0.00	1	543
03162017-D03_S231	NA18852	0.17613	0.06278	311848	2654	0.01	1	1488
03162017-D04_S232	NA19098	0.35047	0.14687	311848	1718	0.01	1	1122
03162017-D05_S233	NA19098	0.47346	0.08777	311848	703	0.00	1	501
03162017-D06_S234	NA18520	0.06765	0.06533	311848	2254	0.01	1	1380
03162017-D07_S235	NA18505	0.20200	0.00000	311848	595	0.00	1	430
03162017-D08_S236	NA18852	0.38141	0.22218	311848	816	0.00	1	557
03162017-D09_S237	NA18505	0.30997	0.18117	311848	1565	0.01	1	961
03162017-D10_S238	NA18505	0.13950	0.09446	311848	3001	0.01	1	1675
03162017-D11_S239	NA19098	0.12287	0.11926	311848	2330	0.01	1	1402
03162017-D12_S240	NA18852	0.15329	0.05884	311848	2722	0.01	1	1500
03162017-E01_S241	NA19098	0.29604	0.10489	311848	379	0.00	1	268
03162017-E02_S242	NA19098	0.23834	0.19415	311848	834	0.00	1	574
03162017-E03_S243	NA18520	0.22768	0.11592	311848	412	0.00	1	309
03162017-E04_S244	NA18520	0.22863	0.18400	311848	1790	0.01	1	1014
03162017-E05_S245	NA18852	0.19557	0.05264	311848	1976	0.01	1	1170
03162017-E06_S246	NA19098	0.57704	0.00000	311848	353	0.00	1	294
03162017-E07_S247	NA18852	0.29036	0.49992	311848	213	0.00	1	183
03162017-E08_S248	NA18505	0.43489	0.22744	311848	428	0.00	1	314
03162017-E09_S249	NA18520	0.59906	0.13441	311848	252	0.00	1	201
03162017-E10_S250	NA19098	0.44823	0.25327	311848	962	0.00	1	574
03162017-E11_S251	NA18852	0.32300	0.30037	311848	774	0.00	1	618
03162017-E12_S252	NA18505	0.15374	0.06016	311848	2334	0.01	1	1299
03162017-F01_S253	NA18520	0.18838	0.13329	311848	586	0.00	1	423
03162017-F02_S254	NA18505	0.35861	0.00000	311848	277	0.00	1	229
03162017-F03_S255	NA18520	0.29438	0.24530	311848	362	0.00	1	286
03162017-F04_S256	NA19098	0.22597	0.16179	311848	568	0.00	1	387
03162017-F05_S257	NA18852	0.12237	0.09260	311848	3308	0.01	1	1904
03162017-F06_S258	NA19098	0.09906	0.11309	311848	2839	0.01	1	1607
03162017-F07_S259	NA19117	0.00010	0.05004	311848	32	0.00	1	32
03162017-F08_S260	NA18520	0.48192	0.00000	311848	141	0.00	1	122
03162017-F09_S261	NA18520	0.29025	0.00000	311848	187	0.00	1	150
03162017-F10_S262	NA19144	0.54304	0.49992	311848	156	0.00	1	137
03162017-F11_S263	NA18852	0.11671	0.03959	311848	2509	0.01	1	1490
03162017-F12_S264	NA19098	0.14765	0.08470	311848	3260	0.01	1	1743
03162017-G01_S265	NA19098	0.31195	0.18165	311848	957	0.00	1	605
03162017-G02_S266	NA18520	0.12466	0.17578	311848	971	0.00	1	684
03162017-G03_S267	NA19098	0.19220	0.26162	311848	593	0.00	1	449
03162017-G04_S268	NA19098	0.23838	0.14898	311848	2471	0.01	1	1351
03162017-G05_S269	NA18505	0.05622	0.04426	311848	2583	0.01	1	1359
03162017-G06_S270	NA19098	0.11560	0.02943	311848	2984	0.01	1	1627
03162017-G07_S271	NA18505	0.37991	0.24069	311848	636	0.00	1	415
03162017-G08_S272	NA18505	0.25031	0.08833	311848	325	0.00	1	244
03162017-G09_S273	NA18520	0.32080	0.49992	311848	515	0.00	1	314
03162017-G10_S274	NA18852	0.28893	0.00000	311848	110	0.00	1	89
03162017-G11_S275	NA19175	0.46774	0.49992	311848	137	0.00	1	117
03162017-G12_S276	NA18520	0.19962	0.18628	311848	1248	0.00	1	774
03162017-H01_S277	NA18520	0.13039	0.16642	311848	752	0.00	1	493
03162017-H02_S278	NA18505	0.56582	0.00000	311848	293	0.00	1	243
03162017-H03_S279	NA18520	0.12868	0.06370	311848	1736	0.01	1	1111
03162017-H04_S280	NA19098	0.48959	0.00000	311848	561	0.00	1	476
03162017-H05_S281	NA19098	0.57119	0.49992	311848	278	0.00	1	222
03162017-H06_S282	NA18502	0.55357	0.49992	311848	251	0.00	1	189
03162017-H07_S283	NA19098	0.28952	0.49992	311848	496	0.00	1	391
03162017-H08_S284	NA19098	0.12397	0.14953	311848	1427	0.00	1	783
03162017-H09_S285	NA18520	0.24475	0.00000	311848	538	0.00	1	412
03162017-H10_S286	NA18505	0.08181	0.07303	311848	2497	0.01	1	1471
03162017-H11_S287	NA19098	0.09526	0.08774	311848	3016	0.01	1	1770
03162017-H12_S288	NA18488	0.32321	0.00000	311848	121	0.00	1	101
03172017-A01_S385	NA18505	0.29659	0.12419	311848	1019	0.00	1	846
03172017-A02_S386	NA18505	0.07864	0.06952	311848	4432	0.01	1	2075
03172017-A03_S387	NA19098	0.10689	0.09151	311848	6982	0.02	1	3152
03172017-A04_S388	NA18852	0.18789	0.10856	311848	4505	0.01	1	2109
03172017-A05_S389	NA19098	0.38349	0.11138	311848	1354	0.00	1	949
03172017-A06_S390	NA18852	0.12515	0.10629	311848	5330	0.02	1	2460
03172017-A07_S391	NA18505	0.14114	0.09828	311848	3451	0.01	1	1517
03172017-A08_S392	NA18502	0.38291	0.30246	311848	1583	0.01	1	1178
03172017-A09_S393	NA19098	0.16130	0.08373	311848	4193	0.01	1	1967
03172017-A10_S394	NA19098	0.63964	0.13629	311848	912	0.00	1	642
03172017-A11_S395	NA18502	0.22139	0.06244	311848	4833	0.02	1	2290
03172017-A12_S396	NA18505	0.16803	0.13804	311848	3331	0.01	1	1640
03172017-B01_S397	NA18852	0.57985	0.23272	311848	6711	0.02	1	3038
03172017-B02_S398	NA18852	0.21954	0.11018	311848	4060	0.01	1	1950
03172017-B03_S399	NA18505	0.23114	0.09053	311848	3389	0.01	1	1593
03172017-B04_S400	NA18502	0.14472	0.10943	311848	5171	0.02	1	2446
03172017-B05_S401	NA18852	0.40149	0.09050	311848	1042	0.00	1	734
03172017-B06_S402	NA18852	0.22349	0.12514	311848	775	0.00	1	592
03172017-B07_S403	NA18505	0.09559	0.05605	311848	4866	0.02	1	2157
03172017-B08_S404	NA19098	0.13980	0.02919	311848	4517	0.01	1	2106
03172017-B09_S405	NA18502	0.16078	0.07974	311848	4504	0.01	1	2102
03172017-B10_S406	NA19098	0.13538	0.10317	311848	3968	0.01	1	1730
03172017-B11_S407	NA18505	0.15079	0.08773	311848	3589	0.01	1	1784
03172017-B12_S408	NA18502	0.33041	0.06033	311848	4056	0.01	1	1837
03172017-C01_S409	NA18505	0.36651	0.09102	311848	1043	0.00	1	788
03172017-C02_S410	NA18502	0.16153	0.07982	311848	5541	0.02	1	2651
03172017-C03_S411	NA19098	0.07469	0.04111	311848	5964	0.02	1	2770
03172017-C04_S412	NA19098	0.24698	0.13781	311848	3418	0.01	1	1642
03172017-C05_S413	NA18852	0.28959	0.07537	311848	5094	0.02	1	2477
03172017-C06_S414	NA18502	0.21828	0.11396	311848	4468	0.01	1	2189
03172017-C07_S415	NA18505	0.34842	0.16430	311848	2621	0.01	1	1364
03172017-C08_S416	NA18505	0.24315	0.13142	311848	3500	0.01	1	1620
03172017-C09_S417	NA18502	0.28467	0.08212	311848	2440	0.01	1	1341
03172017-C10_S418	NA19098	0.62769	0.49992	311848	311	0.00	1	257
03172017-C11_S419	NA18523	0.68344	0.00000	311848	377	0.00	1	305
03172017-C12_S420	NA19098	0.33238	0.00000	311848	768	0.00	1	583
03172017-D01_S421	NA19098	0.20686	0.08434	311848	4437	0.01	1	2150
03172017-D02_S422	NA18852	0.13897	0.08319	311848	4345	0.01	1	2023
03172017-D03_S423	NA18502	0.40735	0.03398	311848	886	0.00	1	685
03172017-D04_S424	NA18852	0.74123	0.17392	311848	1007	0.00	1	622
03172017-D05_S425	NA18505	0.56030	0.22804	311848	633	0.00	1	453
03172017-D06_S426	NA18505	0.19567	0.11293	311848	3549	0.01	1	1754
03172017-D07_S427	NA18502	0.33521	0.18080	311848	2490	0.01	1	1304
03172017-D08_S428	NA18505	0.54157	0.10882	311848	780	0.00	1	564
03172017-D09_S429	NA18505	0.21024	0.09445	311848	3322	0.01	1	1683
03172017-D10_S430	NA19098	0.10305	0.06208	311848	5375	0.02	1	2509
03172017-D11_S431	NA18505	0.16361	0.11760	311848	1957	0.01	1	1006
03172017-D12_S432	NA18502	0.54336	0.20730	311848	6925	0.02	1	3540
03172017-E01_S433	NA19098	0.10996	0.05941	311848	4599	0.01	1	2047
03172017-E02_S434	NA18852	0.09777	0.05087	311848	3128	0.01	1	1587
03172017-E03_S435	NA18505	0.12893	0.10566	311848	5044	0.02	1	2395
03172017-E04_S436	NA19098	0.32856	0.07503	311848	1068	0.00	1	685
03172017-E05_S437	NA19098	0.09913	0.03002	311848	3891	0.01	1	1872
03172017-E06_S438	NA18502	0.21876	0.07857	311848	4234	0.01	1	2011
03172017-E07_S439	NA18852	0.19736	0.06654	311848	3818	0.01	1	1859
03172017-E08_S440	NA19098	0.10159	0.04797	311848	4615	0.01	1	2186
03172017-E09_S441	NA18505	0.11707	0.04565	311848	3492	0.01	1	1504
03172017-E10_S442	NA18505	0.16688	0.10270	311848	3895	0.01	1	1923
03172017-E11_S443	NA18502	0.26750	0.12764	311848	3995	0.01	1	1863
03172017-E12_S444	NA18502	0.51558	0.31101	311848	1357	0.00	1	936
03172017-F01_S445	NA19098	0.21373	0.14450	311848	4052	0.01	1	2027
03172017-F02_S446	NA19098	0.13677	0.08477	311848	6503	0.02	1	2793
03172017-F03_S447	NA18852	0.60906	0.18214	311848	1130	0.00	1	833
03172017-F04_S448	NA19098	0.31019	0.11482	311848	1317	0.00	1	861
03172017-F05_S449	NA19098	0.09635	0.04923	311848	5395	0.02	1	2403
03172017-F06_S450	NA18505	0.16155	0.07804	311848	4503	0.01	1	2068
03172017-F07_S451	NA18505	0.23941	0.11127	311848	3917	0.01	1	1728
03172017-F08_S452	NA18852	0.20117	0.07130	311848	2972	0.01	1	1358
03172017-F09_S453	NA18502	0.20087	0.10871	311848	3953	0.01	1	1734
03172017-F10_S454	NA19098	0.18000	0.12099	311848	3787	0.01	1	1645
03172017-F11_S455	NA19098	0.61513	0.39925	311848	332	0.00	1	262
03172017-F12_S456	NA19098	0.11420	0.06642	311848	5071	0.02	1	2223
03172017-G01_S457	NA18502	0.73541	0.00000	311848	467	0.00	1	337
03172017-G02_S458	NA18502	0.63071	0.25404	311848	744	0.00	1	558
03172017-G03_S459	NA19098	0.27471	0.13293	311848	4985	0.02	1	2436
03172017-G04_S460	NA18505	0.14464	0.10363	311848	3818	0.01	1	1817
03172017-G05_S461	NA19098	0.46473	0.49992	311848	214	0.00	1	179
03172017-G06_S462	NA18502	0.14096	0.06166	311848	4457	0.01	1	2056
03172017-G07_S463	NA18502	0.23332	0.20272	311848	2850	0.01	1	1325
03172017-G08_S464	NA19098	0.53772	0.09545	311848	844	0.00	1	594
03172017-G09_S465	NA18505	0.28312	0.08981	311848	3432	0.01	1	1735
03172017-G10_S466	NA19098	0.22570	0.20689	311848	1417	0.00	1	930
03172017-G11_S467	NA19098	0.30980	0.12539	311848	1128	0.00	1	855
03172017-G12_S468	NA18505	0.13000	0.08672	311848	4230	0.01	1	1908
03172017-H01_S469	NA18502	0.23916	0.11959	311848	1097	0.00	1	622
03172017-H02_S470	NA18852	0.42619	0.00000	311848	996	0.00	1	799
03172017-H03_S471	NA19098	0.35798	0.16974	311848	833	0.00	1	591
03172017-H04_S472	NA19239	0.73661	0.00000	311848	391	0.00	1	303
03172017-H05_S473	NA18502	0.17589	0.07708	311848	5526	0.02	1	2598
03172017-H06_S474	NA18505	0.17597	0.10065	311848	3631	0.01	1	1748
03172017-H07_S475	NA18502	0.24339	0.10299	311848	4827	0.02	1	2165
03172017-H08_S476	NA19098	0.40820	0.28358	311848	1065	0.00	1	780
03172017-H09_S477	NA18852	0.38196	0.13352	311848	1928	0.01	1	1174
03172017-H10_S478	NA18505	0.22786	0.07230	311848	3586	0.01	1	1755
03172017-H11_S479	NA18852	0.17500	0.06664	311848	3318	0.01	1	1600
03172017-H12_S480	NA19098	0.08741	0.03371	311848	3966	0.01	1	1894
03232017-A01_S577	NA18852	0.53128	0.35844	311848	4526	0.01	1	2157
03232017-A02_S578	NA18505	0.04129	0.05869	311848	4217	0.01	1	2010
03232017-A03_S579	NA18505	0.09069	0.09266	311848	3808	0.01	1	1802
03232017-A04_S580	NA18520	0.06511	0.08141	311848	4902	0.02	1	2334
03232017-A05_S581	NA18520	0.05037	0.04381	311848	4723	0.02	1	2428
03232017-A06_S582	NA18852	0.08652	0.06668	311848	4868	0.02	1	2334
03232017-A07_S583	NA18502	0.11898	0.06752	311848	3464	0.01	1	1725
03232017-A08_S584	NA18502	0.11820	0.09680	311848	4439	0.01	1	2130
03232017-A09_S585	NA18520	0.06328	0.02827	311848	4584	0.01	1	2313
03232017-A10_S586	NA18852	0.42438	0.49992	311848	80	0.00	1	70
03232017-A11_S587	NA18502	0.15980	0.09339	311848	4613	0.01	1	2145
03232017-A12_S588	NA18502	0.08818	0.02435	311848	4593	0.01	1	2194
03232017-B01_S589	NA18520	0.06598	0.05901	311848	3632	0.01	1	1720
03232017-B02_S590	NA18852	0.35562	0.17223	311848	6423	0.02	1	2991
03232017-B03_S591	NA18502	0.49105	0.21350	311848	5478	0.02	1	2630
03232017-B04_S592	NA18502	0.17933	0.09234	311848	4000	0.01	1	1960
03232017-B05_S593	NA18505	0.07923	0.04534	311848	3782	0.01	1	1862
03232017-B06_S594	NA18505	0.10100	0.10382	311848	3646	0.01	1	1813
03232017-B07_S595	NA18520	0.56665	0.49992	311848	108	0.00	1	95
03232017-B08_S596	NA18502	0.07031	0.00940	311848	6521	0.02	1	2927
03232017-B09_S597	NA18852	0.50988	0.24591	311848	6845	0.02	1	3078
03232017-B10_S598	NA18505	0.51175	0.22940	311848	4774	0.02	1	2705
03232017-B11_S599	NA18852	0.11769	0.10790	311848	3040	0.01	1	1509
03232017-B12_S600	NA18520	0.36405	0.18448	311848	4595	0.01	1	2121
03232017-C01_S601	NA18502	0.58678	0.25177	311848	8153	0.03	1	3535
03232017-C02_S602	NA18504	0.00010	0.00000	311848	78	0.00	1	76
03232017-C03_S603	NA18520	0.10036	0.12863	311848	4371	0.01	1	2109
03232017-C04_S604	NA18520	0.04945	0.06704	311848	5659	0.02	1	2698
03232017-C05_S605	NA18502	0.21481	0.00000	311848	881	0.00	1	672
03232017-C06_S606	NA18502	0.20592	0.13807	311848	894	0.00	1	542
03232017-C07_S607	NA18502	0.57867	0.24497	311848	5718	0.02	1	2619
03232017-C08_S608	NA18502	0.27343	0.49992	311848	789	0.00	1	652
03232017-C09_S609	NA18520	0.55657	0.24822	311848	8170	0.03	1	3571
03232017-C10_S610	NA18505	0.08931	0.09279	311848	3833	0.01	1	1869
03232017-C11_S611	NA18502	0.49901	0.23777	311848	6198	0.02	1	2810
03232017-C12_S612	NA18520	0.09661	0.11890	311848	4693	0.02	1	2162
03232017-D01_S613	NA18502	0.45653	0.19803	311848	7428	0.02	1	3331
03232017-D02_S614	NA18502	0.50388	0.22584	311848	6282	0.02	1	2933
03232017-D03_S615	NA18520	0.47796	0.19575	311848	6769	0.02	1	3027
03232017-D04_S616	NA18520	0.04271	0.06928	311848	4890	0.02	1	2390
03232017-D05_S617	NA18852	0.25775	0.18471	311848	4732	0.02	1	2353
03232017-D06_S618	NA18502	0.08889	0.06211	311848	4740	0.02	1	2158
03232017-D07_S619	NA18520	0.06533	0.05018	311848	6450	0.02	1	2888
03232017-D08_S620	NA18502	0.11128	0.01043	311848	6507	0.02	1	2785
03232017-D09_S621	NA18852	0.38912	0.20228	311848	5559	0.02	1	2519
03232017-D10_S622	NA18852	0.08568	0.02681	311848	4695	0.02	1	2312
03232017-D11_S623	NA18502	0.11641	0.04659	311848	3419	0.01	1	1809
03232017-D12_S624	NA18852	0.05072	0.02351	311848	2561	0.01	1	1401
03232017-E01_S625	NA18520	0.45316	0.23992	311848	5890	0.02	1	2760
03232017-E02_S626	NA18520	0.06612	0.04023	311848	4765	0.02	1	2197
03232017-E03_S627	NA18520	0.09360	0.09703	311848	5519	0.02	1	2476
03232017-E04_S628	NA18502	0.45865	0.49992	311848	144	0.00	1	120
03232017-E05_S629	NA18502	0.18183	0.11104	311848	3593	0.01	1	1774
03232017-E06_S630	NA18502	0.14666	0.09240	311848	3730	0.01	1	1927
03232017-E07_S631	NA18502	0.54669	0.49993	311848	6944	0.02	1	3235
03232017-E08_S632	NA18520	0.06793	0.08430	311848	4806	0.02	1	2349
03232017-E09_S633	NA18852	0.12526	0.06253	311848	4457	0.01	1	2130
03232017-E10_S634	NA18502	0.48095	0.00000	311848	101	0.00	1	90
03232017-E11_S635	NA18520	0.03992	0.00955	311848	4042	0.01	1	1895
03232017-E12_S636	NA18852	0.09329	0.03152	311848	3874	0.01	1	1810
03232017-F01_S637	NA18852	0.36527	0.49992	311848	170	0.00	1	136
03232017-F02_S638	NA18505	0.05865	0.07304	311848	3852	0.01	1	1871
03232017-F03_S639	NA18852	0.17489	0.12288	311848	2480	0.01	1	1643
03232017-F04_S640	NA18502	0.16747	0.06922	311848	4462	0.01	1	2148
03232017-F05_S641	NA18502	0.11586	0.05369	311848	4643	0.01	1	2160
03232017-F06_S642	NA18505	0.04801	0.03595	311848	6164	0.02	1	3093
03232017-F07_S643	NA18505	0.51421	0.18599	311848	6359	0.02	1	3009
03232017-F08_S644	NA18502	0.52213	0.28467	311848	6079	0.02	1	2790
03232017-F09_S645	NA18516	0.15128	0.00000	311848	84	0.00	1	75
03232017-F10_S646	NA18502	0.12636	0.07267	311848	4189	0.01	1	1975
03232017-F11_S647	NA18520	0.10585	0.07677	311848	2631	0.01	1	1398
03232017-F12_S648	NA18520	0.07551	0.07762	311848	4815	0.02	1	2263
03232017-G01_S649	NA18520	0.09479	0.08923	311848	4024	0.01	1	1887
03232017-G02_S650	NA18852	0.14514	0.07382	311848	5196	0.02	1	2616
03232017-G03_S651	NA18520	0.08953	0.08615	311848	4970	0.02	1	2341
03232017-G04_S652	NA18502	0.52477	0.00000	311848	377	0.00	1	344
03232017-G05_S653	NA18520	0.28493	0.00000	311848	468	0.00	1	412
03232017-G06_S654	NA18502	0.10336	0.05291	311848	5588	0.02	1	2704
03232017-G07_S655	NA18852	0.53328	0.23735	311848	6693	0.02	1	2934
03232017-G08_S656	NA18852	0.10994	0.03982	311848	4240	0.01	1	2012
03232017-G09_S657	NA18505	0.11619	0.04942	311848	4303	0.01	1	1998
03232017-G10_S658	NA18520	0.07111	0.08378	311848	6043	0.02	1	2793
03232017-G11_S659	NA18502	0.16597	0.07697	311848	4444	0.01	1	2195
03232017-G12_S660	NA18520	0.04075	0.05448	311848	5819	0.02	1	2772
03232017-H01_S661	NA18523	0.58209	0.49992	311848	243	0.00	1	209
03232017-H02_S662	NA18502	0.13891	0.09140	311848	3820	0.01	1	1804
03232017-H03_S663	NA18505	0.12394	0.10072	311848	3764	0.01	1	1790
03232017-H04_S664	NA18852	0.09312	0.03472	311848	3342	0.01	1	1587
03232017-H05_S665	NA18502	0.22306	0.10846	311848	3707	0.01	1	1853
03232017-H06_S666	NA18502	0.56319	0.23451	311848	4178	0.01	1	2144
03232017-H07_S667	NA18505	0.47860	0.22316	311848	5047	0.02	1	2375
03232017-H08_S668	NA18520	0.07364	0.09037	311848	2196	0.01	1	1342
03232017-H09_S669	NA18520	0.08831	0.08792	311848	5238	0.02	1	2457
03232017-H10_S670	NA18520	0.54505	0.00000	311848	120	0.00	1	113
03232017-H11_S671	NA18862	0.53927	0.00000	311848	119	0.00	1	101
03232017-H12_S672	NA18505	0.08166	0.06797	311848	2925	0.01	1	1446
03302017-A01_S769	NA19098	0.62525	0.00000	311848	483	0.00	1	375
03302017-A02_S770	NA18852	0.14163	0.05582	311848	3411	0.01	1	1778
03302017-A03_S771	NA19098	0.09403	0.09317	311848	4156	0.01	1	2111
03302017-A04_S772	NA18852	0.14195	0.13440	311848	2371	0.01	1	1185
03302017-A05_S773	NA19098	0.44400	0.14654	311848	420	0.00	1	343
03302017-A06_S774	NA18502	0.12774	0.02754	311848	3097	0.01	1	1590
03302017-A07_S775	NA18502	0.17422	0.08197	311848	3207	0.01	1	1592
03302017-A08_S776	NA18852	0.07955	0.03519	311848	2585	0.01	1	1299
03302017-A09_S777	NA18502	0.10850	0.07574	311848	2701	0.01	1	1429
03302017-A10_S778	NA18502	0.17764	0.07759	311848	2529	0.01	1	1393
03302017-A11_S779	NA19098	0.10353	0.07156	311848	3747	0.01	1	1800
03302017-A12_S780	NA18502	0.15964	0.06864	311848	2365	0.01	1	1296
03302017-B01_S781	NA18510	0.48686	0.00000	311848	199	0.00	1	166
03302017-B02_S782	NA18520	0.14691	0.11346	311848	2494	0.01	1	1352
03302017-B03_S783	NA18520	0.08051	0.07870	311848	3496	0.01	1	1750
03302017-B04_S784	NA18502	0.18968	0.09156	311848	3457	0.01	1	1798
03302017-B05_S785	NA18502	0.13313	0.07890	311848	2760	0.01	1	1353
03302017-B06_S786	NA18852	0.37200	0.00000	311848	386	0.00	1	302
03302017-B07_S787	NA19098	0.06625	0.07121	311848	3376	0.01	1	1713
03302017-B08_S788	NA18502	0.12317	0.06653	311848	3644	0.01	1	1850
03302017-B09_S789	NA18852	0.33295	0.00000	311848	676	0.00	1	569
03302017-B10_S790	NA19098	0.30580	0.08479	311848	945	0.00	1	810
03302017-B11_S791	NA18502	0.16810	0.08454	311848	2830	0.01	1	1373
03302017-B12_S792	NA18852	0.13223	0.08555	311848	2347	0.01	1	1304
03302017-C01_S793	NA18520	0.38145	0.07277	311848	1211	0.00	1	757
03302017-C02_S794	NA18520	0.56161	0.23605	311848	3870	0.01	1	1948
03302017-C03_S795	NA18852	0.39329	0.04504	311848	699	0.00	1	478
03302017-C04_S796	NA19098	0.17511	0.06778	311848	3282	0.01	1	1688
03302017-C05_S797	NA18852	0.17741	0.07403	311848	2483	0.01	1	1330
03302017-C06_S798	NA19098	0.20387	0.21251	311848	1138	0.00	1	815
03302017-C07_S799	NA18852	0.14324	0.09676	311848	2970	0.01	1	1548
03302017-C08_S800	NA19098	0.13462	0.05329	311848	3847	0.01	1	2003
03302017-C09_S801	NA19098	0.09420	0.04782	311848	3444	0.01	1	1778
03302017-C10_S802	NA18502	0.15774	0.08530	311848	4790	0.02	1	2304
03302017-C11_S803	NA18852	0.13803	0.03714	311848	2724	0.01	1	1481
03302017-C12_S804	NA18502	0.18231	0.06980	311848	3841	0.01	1	1890
03302017-D01_S805	NA18502	0.22859	0.09525	311848	3370	0.01	1	1776
03302017-D02_S806	NA19098	0.55698	0.21619	311848	574	0.00	1	473
03302017-D03_S807	NA18502	0.11592	0.05485	311848	4307	0.01	1	2122
03302017-D04_S808	NA18502	0.13951	0.10519	311848	3565	0.01	1	1683
03302017-D05_S809	NA18502	0.71259	0.05174	311848	575	0.00	1	448
03302017-D06_S810	NA18520	0.20256	0.16578	311848	3815	0.01	1	1905
03302017-D07_S811	NA18523	0.62204	0.49991	311848	228	0.00	1	189
03302017-D08_S812	NA18852	0.63274	0.07944	311848	591	0.00	1	478
03302017-D09_S813	NA18520	0.11815	0.10296	311848	3818	0.01	1	1932
03302017-D10_S814	NA19184	0.39046	0.26844	311848	156	0.00	1	141
03302017-D11_S815	NA18502	0.28485	0.03922	311848	1011	0.00	1	844
03302017-D12_S816	NA18502	0.16362	0.05907	311848	3112	0.01	1	1647
03302017-E01_S817	NA19098	0.58269	0.13840	311848	618	0.00	1	475
03302017-E02_S818	NA18520	0.17414	0.17249	311848	3965	0.01	1	1932
03302017-E03_S819	NA18852	0.15418	0.04251	311848	3657	0.01	1	1807
03302017-E04_S820	NA19098	0.12896	0.08855	311848	3293	0.01	1	1640
03302017-E05_S821	NA18502	0.22538	0.11328	311848	2869	0.01	1	1457
03302017-E06_S822	NA18852	0.19925	0.04511	311848	2181	0.01	1	1189
03302017-E07_S823	NA18520	0.51200	0.39691	311848	728	0.00	1	571
03302017-E08_S824	NA18502	0.17371	0.07444	311848	2963	0.01	1	1379
03302017-E09_S825	NA18502	0.20314	0.07236	311848	4913	0.02	1	2480
03302017-E10_S826	NA18520	0.15900	0.18690	311848	3241	0.01	1	1707
03302017-E11_S827	NA18852	0.12641	0.07907	311848	3189	0.01	1	1599
03302017-E12_S828	NA18502	0.27688	0.00000	311848	625	0.00	1	499
03302017-F01_S829	NA18520	0.23283	0.11811	311848	2058	0.01	1	1305
03302017-F02_S830	NA19098	0.54919	0.31723	311848	622	0.00	1	471
03302017-F03_S831	NA18502	0.17569	0.09986	311848	3453	0.01	1	1801
03302017-F04_S832	NA18520	0.22216	0.14944	311848	2824	0.01	1	1495
03302017-F05_S833	NA18852	0.15098	0.07548	311848	3906	0.01	1	2004
03302017-F06_S834	NA18520	0.22794	0.16672	311848	3057	0.01	1	1666
03302017-F07_S835	NA18502	0.26513	0.16829	311848	3768	0.01	1	1960
03302017-F08_S836	NA18502	0.15606	0.08513	311848	4006	0.01	1	2010
03302017-F09_S837	NA19098	0.55060	0.19347	311848	1086	0.00	1	743
03302017-F10_S838	NA18502	0.21824	0.15551	311848	2831	0.01	1	1452
03302017-F11_S839	NA18520	0.31174	0.39661	311848	3624	0.01	1	1871
03302017-F12_S840	NA18852	0.11472	0.05581	311848	3263	0.01	1	1591
03302017-G01_S841	NA18852	0.16516	0.06448	311848	2805	0.01	1	1346
03302017-G02_S842	NA18502	0.12493	0.08231	311848	3597	0.01	1	1744
03302017-G03_S75	NA18502	0.22559	0.06887	311848	1346	0.00	1	876
03302017-G04_S844	NA18502	0.13078	0.06385	311848	3153	0.01	1	1617
03302017-G05_S845	NA19098	0.14290	0.10096	311848	2642	0.01	1	1397
03302017-G06_S846	NA18852	0.11943	0.07788	311848	3014	0.01	1	1560
03302017-G07_S847	NA18520	0.36845	0.07537	311848	857	0.00	1	662
03302017-G08_S848	NA19098	0.18277	0.10243	311848	2428	0.01	1	1214
03302017-G09_S849	NA18502	0.68880	0.49992	311848	616	0.00	1	528
03302017-G10_S850	NA18502	0.13417	0.11461	311848	2663	0.01	1	1442
03302017-G11_S851	NA18502	0.54400	0.01393	311848	259	0.00	1	214
03302017-G12_S852	NA19189	0.44466	0.29261	311848	251	0.00	1	203
03302017-H01_S853	NA18502	0.25000	0.12777	311848	4072	0.01	1	2035
03302017-H02_S854	NA18502	0.24017	0.04293	311848	2957	0.01	1	1464
03302017-H03_S855	NA19098	0.22708	0.12954	311848	4922	0.02	1	2550
03302017-H04_S856	NA18502	0.31011	0.07670	311848	2778	0.01	1	1384
03302017-H05_S857	NA18502	0.18781	0.13274	311848	3649	0.01	1	1784
03302017-H06_S858	NA18852	0.16500	0.07381	311848	3223	0.01	1	1710
03302017-H07_S859	NA18852	0.47102	0.16664	311848	781	0.00	1	603
03302017-H08_S860	NA19098	0.58970	0.11555	311848	1127	0.00	1	791
03302017-H09_S861	NA18502	0.29977	0.49992	311848	239	0.00	1	211
03302017-H10_S862	NA18852	0.52680	0.03057	311848	147	0.00	1	122
03302017-H11_S863	NA18520	0.08519	0.11999	311848	4356	0.01	1	2130
03302017-H12_S864	NA18852	0.13481	0.06811	311848	2960	0.01	1	1509
03312017-A01_S961	NA18856	0.18741	0.05323	311848	3804	0.01	1	1634
03312017-A02_S962	NA18520	0.08396	0.07973	311848	5927	0.02	1	2396
03312017-A03_S963	NA18520	0.27534	0.18583	311848	1752	0.01	1	1152
03312017-A04_S964	NA18856	0.47750	0.31770	311848	561	0.00	1	416
03312017-A05_S965	NA18502	0.21822	0.13506	311848	3281	0.01	1	1411
03312017-A06_S966	NA18516	0.72330	0.35247	311848	293	0.00	1	222
03312017-A07_S967	NA18520	0.14562	0.17418	311848	3796	0.01	1	1749
03312017-A08_S968	NA18502	0.20894	0.05318	311848	4763	0.02	1	2060
03312017-A09_S969	NA18856	0.23302	0.02830	311848	3126	0.01	1	1395
03312017-A10_S970	NA19092	0.68505	0.06296	311848	5018	0.02	1	2098
03312017-A11_S971	NA18856	0.29157	0.09995	311848	2681	0.01	1	1244
03312017-A12_S972	NA19092	0.78772	0.03027	311848	5009	0.02	1	2077
03312017-B01_S973	NA19203	0.73473	0.30724	311848	542	0.00	1	403
03312017-B02_S974	NA18856	0.27148	0.05612	311848	3426	0.01	1	1441
03312017-B03_S975	NA19129	0.69035	0.16639	311848	593	0.00	1	391
03312017-B04_S976	NA18502	0.16168	0.07545	311848	5842	0.02	1	2585
03312017-B05_S977	NA19092	0.72753	0.04835	311848	5120	0.02	1	2120
03312017-B06_S978	NA18520	0.12716	0.08450	311848	4322	0.01	1	1832
03312017-B07_S979	NA18520	0.49228	0.23781	311848	869	0.00	1	631
03312017-B08_S980	NA19092	0.67062	0.10968	311848	3962	0.01	1	1630
03312017-B09_S981	NA18520	0.24115	0.18937	311848	3321	0.01	1	1470
03312017-B10_S982	NA19092	0.72608	0.05996	311848	5872	0.02	1	2445
03312017-B11_S983	NA18520	0.13935	0.10002	311848	4374	0.01	1	1913
03312017-B12_S984	NA18502	0.15383	0.08985	311848	6035	0.02	1	2465
03312017-C01_S985	NA18502	0.68260	0.32430	311848	523	0.00	1	367
03312017-C02_S986	NA19092	0.75946	0.10041	311848	1500	0.00	1	823
03312017-C03_S987	NA18856	0.17819	0.07020	311848	5578	0.02	1	2293
03312017-C04_S988	NA18856	0.16171	0.05662	311848	5237	0.02	1	2433
03312017-C05_S989	NA19092	0.75620	0.05487	311848	6178	0.02	1	2510
03312017-C06_S990	NA19092	0.72995	0.06323	311848	4703	0.02	1	1952
03312017-C07_S991	NA18502	0.26750	0.10773	311848	4346	0.01	1	2014
03312017-C08_S992	NA18856	0.20307	0.05943	311848	5721	0.02	1	2340
03312017-C09_S993	NA18520	0.16844	0.07957	311848	5326	0.02	1	2019
03312017-C10_S994	NA19092	0.70337	0.06824	311848	6820	0.02	1	3067
03312017-C11_S995	NA18502	0.17341	0.06914	311848	6186	0.02	1	2634
03312017-C12_S996	NA19092	0.71958	0.04712	311848	4289	0.01	1	1876
03312017-D01_S997	NA18856	0.34252	0.11716	311848	1600	0.01	1	826
03312017-D02_S998	NA18856	0.48950	0.24030	311848	7076	0.02	1	2823
03312017-D03_S999	NA18502	0.20043	0.13170	311848	4795	0.02	1	2070
03312017-D04_S1000	NA18856	0.13454	0.02620	311848	4047	0.01	1	1776
03312017-D05_S1001	NA18856	0.42971	0.21580	311848	1113	0.00	1	695
03312017-D06_S1002	NA19092	0.74270	0.05981	311848	6353	0.02	1	2596
03312017-D07_S1003	NA18856	0.26284	0.12848	311848	2599	0.01	1	1205
03312017-D08_S1004	NA18502	0.26790	0.08215	311848	5406	0.02	1	2278
03312017-D09_S1005	NA19092	0.76493	0.08105	311848	6371	0.02	1	2685
03312017-D10_S1006	NA18856	0.48652	0.19265	311848	4905	0.02	1	2137
03312017-D11_S1007	NA18856	0.17794	0.06243	311848	4509	0.01	1	1874
03312017-D12_S1008	NA18502	0.19001	0.07017	311848	6572	0.02	1	2830
03312017-E01_S1009	NA18520	0.27929	0.15763	311848	2184	0.01	1	1392
03312017-E02_S1010	NA19092	0.72806	0.09240	311848	4309	0.01	1	1906
03312017-E03_S1011	NA19092	0.73633	0.06162	311848	4469	0.01	1	1931
03312017-E04_S1012	NA18520	0.19625	0.17353	311848	4949	0.02	1	1992
03312017-E05_S1013	NA19092	0.77161	0.22609	311848	1120	0.00	1	725
03312017-E06_S1014	NA18520	0.29365	0.21905	311848	1229	0.00	1	707
03312017-E07_S1015	NA18502	0.29088	0.08623	311848	4012	0.01	1	1569
03312017-E08_S1016	NA18502	0.15766	0.10427	311848	4194	0.01	1	1694
03312017-E09_S1017	NA18502	0.21577	0.12120	311848	4624	0.01	1	2125
03312017-E10_S1018	NA18520	0.18182	0.11437	311848	4166	0.01	1	1681
03312017-E11_S1019	NA19117	0.59586	0.03531	311848	326	0.00	1	235
03312017-E12_S1020	NA18502	0.24249	0.09820	311848	4351	0.01	1	2213
03312017-F01_S1021	NA18856	0.35876	0.10270	311848	3823	0.01	1	1670
03312017-F02_S1022	NA19092	0.78025	0.03712	311848	5637	0.02	1	2402
03312017-F03_S1023	NA18502	0.54505	0.22821	311848	5753	0.02	1	2307
03312017-F04_S1024	NA19092	0.70303	0.07353	311848	5709	0.02	1	2396
03312017-F05_S1025	NA18502	0.22373	0.15029	311848	5342	0.02	1	2140
03312017-F06_S1026	NA19092	0.70491	0.11853	311848	3585	0.01	1	1492
03312017-F07_S1027	NA18502	0.42698	0.17332	311848	5967	0.02	1	2388
03312017-F08_S1028	NA18502	0.30000	0.11918	311848	4073	0.01	1	1739
03312017-F09_S1029	NA19092	0.69334	0.25550	311848	8737	0.03	1	3454
03312017-F10_S1030	NA19092	0.69083	0.30693	311848	1200	0.00	1	848
03312017-F11_S1031	NA18856	0.19571	0.05919	311848	3932	0.01	1	1715
03312017-F12_S1032	NA18520	0.38725	0.06272	311848	1734	0.01	1	775
03312017-G01_S1033	NA18520	0.59105	0.32722	311848	5575	0.02	1	2230
03312017-G02_S1034	NA18856	0.30685	0.16025	311848	5154	0.02	1	2842
03312017-G03_S1035	NA18520	0.41929	0.17700	311848	6777	0.02	1	2919
03312017-G04_S1036	NA18502	0.20592	0.13618	311848	5298	0.02	1	2156
03312017-G05_S1037	NA19092	0.71385	0.07023	311848	4204	0.01	1	1781
03312017-G06_S1038	NA19092	0.69313	0.06013	311848	6148	0.02	1	2528
03312017-G07_S1039	NA19092	0.65043	0.18176	311848	1545	0.00	1	989
03312017-G08_S1040	NA18856	0.40161	0.29498	311848	606	0.00	1	412
03312017-G09_S1041	NA18856	0.34354	0.16006	311848	1517	0.00	1	984
03312017-G10_S1042	NA18856	0.44597	0.49992	311848	597	0.00	1	409
03312017-G11_S1043	NA18520	0.23216	0.15079	311848	4559	0.01	1	1875
03312017-G12_S1044	NA18856	0.23082	0.07737	311848	3417	0.01	1	1538
03312017-H01_S1045	NA19092	0.78600	0.04799	311848	4297	0.01	1	1916
03312017-H02_S1046	NA19092	0.79397	0.05913	311848	5223	0.02	1	2090
03312017-H03_S1047	NA19092	0.79318	0.06169	311848	3933	0.01	1	1597
03312017-H04_S1048	NA18502	0.21185	0.08165	311848	4361	0.01	1	1963
03312017-H05_S1049	NA18520	0.24234	0.08332	311848	2251	0.01	1	1367
03312017-H06_S1050	NA18520	0.13272	0.15071	311848	5168	0.02	1	2297
03312017-H07_S1051	NA18856	0.69988	0.19646	311848	968	0.00	1	579
03312017-H08_S1052	NA18867	0.64920	0.49992	311848	204	0.00	1	172
03312017-H09_S1053	NA18502	0.36967	0.25475	311848	771	0.00	1	524
03312017-H10_S1054	NA18852	0.46154	0.49992	311848	176	0.00	1	138
03312017-H11_S1055	NA18520	0.22504	0.15873	311848	2463	0.01	1	1509
03312017-H12_S1056	NA19092	0.65699	0.08411	311848	3665	0.01	1	1613
04052017-A02_S290	NA18502	0.16862	0.01306	311848	2018	0.01	1	1091
04052017-A03_S291	NA18502	0.11012	0.09343	311848	4388	0.01	1	1911
04052017-A04_S292	NA18502	0.10406	0.06306	311848	6850	0.02	1	2962
04052017-A05_S293	NA18502	0.15442	0.06242	311848	4029	0.01	1	1833
04052017-A06_S294	NA18502	0.10764	0.07245	311848	3848	0.01	1	1701
04052017-A07_S295	NA18502	0.38705	0.05432	311848	549	0.00	1	421
04052017-A08_S296	NA18502	0.22249	0.08549	311848	3188	0.01	1	1453
04052017-A09_S297	NA18502	0.11477	0.04767	311848	4208	0.01	1	1875
04052017-A10_S298	NA18502	0.07561	0.02903	311848	4382	0.01	1	1896
04052017-A11_S299	NA18502	0.16733	0.09048	311848	3744	0.01	1	1811
04052017-A12_S300	NA18852	0.14298	0.09953	311848	3247	0.01	1	1453
04052017-B01_S301	NA18502	0.13198	0.09543	311848	5360	0.02	1	2379
04052017-B02_S302	NA18502	0.10010	0.08389	311848	3453	0.01	1	1593
04052017-B03_S303	NA18502	0.16517	0.05731	311848	3971	0.01	1	1682
04052017-B04_S304	NA18852	0.10597	0.10032	311848	3893	0.01	1	1708
04052017-B05_S305	NA18502	0.28270	0.23843	311848	176	0.00	1	137
04052017-B06_S306	NA18520	0.29691	0.12985	311848	4735	0.02	1	2447
04052017-B07_S307	NA18502	0.32919	0.49992	311848	120	0.00	1	102
04052017-B08_S308	NA18502	0.08848	0.04012	311848	6116	0.02	1	2401
04052017-B09_S309	NA18520	0.14695	0.14783	311848	3839	0.01	1	1753
04052017-B10_S310	NA18852	0.10173	0.03428	311848	4776	0.02	1	1976
04052017-B11_S311	NA18502	0.10856	0.05384	311848	4737	0.02	1	2041
04052017-B12_S312	NA18502	0.12987	0.09062	311848	4345	0.01	1	1903
04052017-C01_S313	NA18502	0.12455	0.04902	311848	5630	0.02	1	2551
04052017-C02_S314	NA18502	0.42877	0.02697	311848	213	0.00	1	163
04052017-C03_S315	NA18502	0.12123	0.03812	311848	5179	0.02	1	2232
04052017-C04_S316	NA18852	0.10385	0.02273	311848	4038	0.01	1	1760
04052017-C05_S317	NA18520	0.07911	0.08404	311848	4642	0.01	1	2035
04052017-C06_S318	NA18502	0.12248	0.05780	311848	4455	0.01	1	1956
04052017-C07_S319	NA18502	0.11371	0.04080	311848	5932	0.02	1	2514
04052017-C08_S320	NA18502	0.49752	0.10587	311848	317	0.00	1	236
04052017-C09_S321	NA18502	0.19433	0.13649	311848	700	0.00	1	528
04052017-C10_S322	NA18520	0.10533	0.14565	311848	3800	0.01	1	1646
04052017-C11_S323	NA18852	0.38687	0.18339	311848	5603	0.02	1	2248
04052017-C12_S324	NA18505	0.16394	0.00840	311848	3132	0.01	1	1497
04052017-D01_S325	NA18520	0.18240	0.08023	311848	4105	0.01	1	1832
04052017-D02_S326	NA18505	0.14098	0.08166	311848	4357	0.01	1	1918
04052017-D03_S327	NA18505	0.15387	0.05691	311848	1876	0.01	1	1206
04052017-D04_S328	NA18502	0.10790	0.04659	311848	6077	0.02	1	2507
04052017-D05_S329	NA18502	0.13288	0.06543	311848	3339	0.01	1	1616
04052017-D06_S330	NA18502	0.11545	0.05179	311848	5817	0.02	1	2474
04052017-D07_S331	NA18502	0.40999	0.49992	311848	259	0.00	1	192
04052017-D08_S332	NA18502	0.13740	0.08160	311848	3623	0.01	1	1558
04052017-D09_S333	NA18502	0.06172	0.03012	311848	6073	0.02	1	2468
04052017-D10_S334	NA18502	0.13869	0.04693	311848	3067	0.01	1	1420
04052017-D11_S335	NA18852	0.10401	0.05379	311848	4517	0.01	1	2016
04052017-D12_S336	NA18852	0.58394	0.14163	311848	3318	0.01	1	1543
04052017-E01_S337	NA18852	0.48853	0.22434	311848	5747	0.02	1	2402
04052017-E02_S338	NA18502	0.13352	0.05196	311848	5267	0.02	1	2308
04052017-E03_S339	NA18852	0.19595	0.11457	311848	4338	0.01	1	1864
04052017-E04_S340	NA18502	0.10654	0.06384	311848	4532	0.01	1	1899
04052017-E05_S341	NA18502	0.13577	0.08987	311848	5285	0.02	1	2189
04052017-E06_S342	NA18502	0.31805	0.19596	311848	230	0.00	1	170
04052017-E07_S343	NA18502	0.09041	0.07164	311848	4624	0.01	1	1986
04052017-E08_S344	NA18502	0.56095	0.29113	311848	5626	0.02	1	2416
04052017-E09_S345	NA18502	0.15605	0.06253	311848	4171	0.01	1	1952
04052017-E10_S346	NA18502	0.50899	0.00000	311848	361	0.00	1	295
04052017-E11_S347	NA18502	0.13420	0.06357	311848	2859	0.01	1	1452
04052017-E12_S348	NA18502	0.13341	0.07262	311848	3477	0.01	1	1580
04052017-F01_S349	NA18502	0.17417	0.04545	311848	5948	0.02	1	2482
04052017-F02_S350	NA18852	0.22143	0.09909	311848	4446	0.01	1	2091
04052017-F03_S351	NA18520	0.17901	0.14715	311848	8107	0.03	1	3423
04052017-F04_S352	NA18852	0.09772	0.01787	311848	4503	0.01	1	1982
04052017-F05_S353	NA18852	0.49974	0.20427	311848	5418	0.02	1	2287
04052017-F06_S354	NA18502	0.64492	0.12297	311848	235	0.00	1	174
04052017-F07_S355	NA18502	0.17451	0.03981	311848	4016	0.01	1	1799
04052017-F08_S356	NA18502	0.58356	0.08342	311848	349	0.00	1	226
04052017-F09_S357	NA18502	0.17781	0.07724	311848	3493	0.01	1	1645
04052017-F10_S358	NA18502	0.13548	0.07035	311848	6531	0.02	1	2631
04052017-F11_S359	NA18502	0.21446	0.09253	311848	4698	0.02	1	2008
04052017-F12_S360	NA18502	0.48102	0.09649	311848	537	0.00	1	378
04052017-G01_S361	NA18852	0.57796	0.28550	311848	5652	0.02	1	2333
04052017-G02_S362	NA18852	0.38225	0.13875	311848	5821	0.02	1	2497
04052017-G03_S363	NA18502	0.16655	0.10072	311848	4983	0.02	1	2144
04052017-G04_S364	NA18502	0.18120	0.07804	311848	5332	0.02	1	2220
04052017-G05_S365	NA18520	0.17899	0.11606	311848	4002	0.01	1	1683
04052017-G06_S366	NA18502	0.43673	0.31759	311848	5899	0.02	1	2576
04052017-G07_S367	NA18502	0.16505	0.06314	311848	3032	0.01	1	1426
04052017-G08_S368	NA18502	0.57605	0.26312	311848	4728	0.02	1	2075
04052017-G09_S369	NA18520	0.11184	0.08797	311848	4449	0.01	1	2003
04052017-G10_S370	NA18502	0.14480	0.05718	311848	3387	0.01	1	1553
04052017-G11_S371	NA18502	0.08125	0.04973	311848	3582	0.01	1	1569
04052017-G12_S372	NA18520	0.09682	0.07622	311848	4416	0.01	1	1889
04052017-H01_S373	NA18852	0.47179	0.14298	311848	5987	0.02	1	2518
04052017-H02_S374	NA18502	0.47996	0.14556	311848	5195	0.02	1	2208
04052017-H03_S375	NA18502	0.08186	0.03305	311848	4686	0.02	1	2035
04052017-H04_S376	NA18852	0.18117	0.11791	311848	3762	0.01	1	1677
04052017-H05_S377	NA18520	0.14615	0.16233	311848	3007	0.01	1	1413
04052017-H06_S378	NA18520	0.18546	0.15182	311848	4074	0.01	1	1840
04052017-H07_S379	NA18502	0.18586	0.05581	311848	3183	0.01	1	1514
04052017-H08_S380	NA18520	0.20298	0.09354	311848	3597	0.01	1	1632
04052017-H09_S381	NA18852	0.15144	0.12690	311848	3589	0.01	1	1653
04052017-H10_S382	NA18502	0.09850	0.04897	311848	4332	0.01	1	1915
04052017-H11_S383	NA18502	0.15396	0.09011	311848	5813	0.02	1	2446
04052017-H12_S384	NA18520	0.65575	0.00405	311848	386	0.00	1	300
04072017-A01_S481	NA18856	0.26984	0.00000	311848	861	0.00	1	649
04072017-A02_S482	NA19092	0.75061	0.10332	311848	4609	0.01	1	1985
04072017-A03_S483	NA18502	0.55379	0.20163	311848	5184	0.02	1	2260
04072017-A04_S484	NA19092	0.71971	0.04508	311848	5895	0.02	1	2477
04072017-A05_S485	NA19092	0.75895	0.05055	311848	4237	0.01	1	1854
04072017-A06_S486	NA18502	0.17832	0.06620	311848	4570	0.01	1	2025
04072017-A07_S487	NA19092	0.77029	0.03501	311848	5099	0.02	1	2135
04072017-A08_S488	NA18856	0.19259	0.05862	311848	3307	0.01	1	1459
04072017-A09_S489	NA19098	0.06526	0.03911	311848	6082	0.02	1	2719
04072017-A10_S490	NA19239	0.52810	0.49992	311848	267	0.00	1	208
04072017-A11_S491	NA18502	0.11031	0.07430	311848	4196	0.01	1	1861
04072017-A12_S492	NA19092	0.77263	0.09309	311848	4476	0.01	1	1893
04072017-B01_S493	NA18856	0.16867	0.04376	311848	4648	0.01	1	2016
04072017-B02_S494	NA19092	0.79849	0.04812	311848	4611	0.01	1	1898
04072017-B03_S495	NA19092	0.74000	0.05635	311848	2555	0.01	1	1194
04072017-B04_S496	NA19092	0.69449	0.05542	311848	6478	0.02	1	2699
04072017-B05_S497	NA18856	0.18320	0.05138	311848	4631	0.01	1	2000
04072017-B06_S498	NA18502	0.18680	0.10331	311848	4521	0.01	1	1993
04072017-B07_S499	NA18856	0.59497	0.14664	311848	4394	0.01	1	1917
04072017-B08_S500	NA19092	0.77612	0.04552	311848	4391	0.01	1	1808
04072017-B09_S501	NA19092	0.65277	0.07267	311848	5666	0.02	1	2432
04072017-B10_S502	NA18502	0.24448	0.11718	311848	2888	0.01	1	1326
04072017-B11_S503	NA19130	0.57406	0.49992	311848	344	0.00	1	248
04072017-B12_S504	NA18502	0.11803	0.08032	311848	4778	0.02	1	2091
04072017-C01_S505	NA18502	0.12873	0.07091	311848	4639	0.01	1	1902
04072017-C02_S506	NA18502	0.16219	0.07997	311848	5185	0.02	1	2190
04072017-C03_S507	NA19098	0.16957	0.07435	311848	2684	0.01	1	1164
04072017-C04_S508	NA18502	0.18677	0.07723	311848	3365	0.01	1	1543
04072017-C05_S509	NA18856	0.53996	0.15626	311848	1179	0.00	1	790
04072017-C06_S510	NA18856	0.20104	0.02663	311848	5777	0.02	1	2363
04072017-C07_S511	NA19092	0.67381	0.19979	311848	5645	0.02	1	2405
04072017-C08_S512	NA18912	0.61498	0.00000	311848	245	0.00	1	184
04072017-C09_S513	NA18502	0.22939	0.09388	311848	4543	0.01	1	1983
04072017-C10_S514	NA18856	0.21332	0.04895	311848	2625	0.01	1	1126
04072017-C11_S515	NA19092	0.73611	0.04884	311848	4499	0.01	1	1969
04072017-C12_S516	NA18856	0.14572	0.07325	311848	2770	0.01	1	1295
04072017-D01_S517	NA18856	0.17944	0.06189	311848	6534	0.02	1	2778
04072017-D02_S518	NA18858	0.47472	0.49992	311848	205	0.00	1	136
04072017-D03_S519	NA18856	0.19080	0.00673	311848	4735	0.02	1	2044
04072017-D04_S520	NA19092	0.75175	0.06572	311848	4360	0.01	1	1909
04072017-D05_S521	NA19092	0.72055	0.08069	311848	4668	0.01	1	1976
04072017-D06_S522	NA18502	0.13000	0.09186	311848	3348	0.01	1	1543
04072017-D07_S523	NA18502	0.14888	0.10060	311848	3066	0.01	1	1405
04072017-D08_S524	NA18856	0.23359	0.01432	311848	2074	0.01	1	993
04072017-D09_S525	NA19098	0.09655	0.04715	311848	3231	0.01	1	1485
04072017-D10_S526	NA18856	0.18622	0.08045	311848	3053	0.01	1	1307
04072017-D11_S527	NA18502	0.20736	0.07478	311848	3126	0.01	1	1372
04072017-D12_S528	NA19092	0.69712	0.05312	311848	3469	0.01	1	1498
04072017-E01_S529	NA18502	0.21341	0.09063	311848	3276	0.01	1	1490
04072017-E02_S530	NA18502	0.18909	0.07926	311848	3858	0.01	1	1704
04072017-E03_S531	NA18502	0.24002	0.06400	311848	3545	0.01	1	1615
04072017-E04_S532	NA18856	0.38220	0.49992	311848	277	0.00	1	197
04072017-E05_S533	NA19092	0.79036	0.00000	311848	238	0.00	1	187
04072017-E06_S534	NA18502	0.59314	0.20648	311848	235	0.00	1	175
04072017-E07_S535	NA19098	0.14802	0.07106	311848	3075	0.01	1	1348
04072017-E08_S536	NA18502	0.17530	0.08936	311848	4042	0.01	1	1810
04072017-E09_S537	NA18502	0.26446	0.04859	311848	3673	0.01	1	1715
04072017-E10_S538	NA19092	0.69473	0.07176	311848	3495	0.01	1	1559
04072017-E11_S539	NA18502	0.17172	0.10244	311848	4212	0.01	1	1998
04072017-E12_S540	NA18502	0.18676	0.08871	311848	3915	0.01	1	1702
04072017-F01_S541	NA18502	0.11954	0.05668	311848	3364	0.01	1	1572
04072017-F02_S542	NA18856	0.47774	0.16392	311848	3818	0.01	1	1735
04072017-F03_S543	NA18856	0.27681	0.06596	311848	3738	0.01	1	1666
04072017-F04_S544	NA19092	0.70604	0.08123	311848	4729	0.02	1	2031
04072017-F05_S545	NA18856	0.20584	0.07043	311848	3548	0.01	1	1607
04072017-F06_S546	NA19092	0.76049	0.05018	311848	4208	0.01	1	1872
04072017-F07_S547	NA18502	0.25718	0.08748	311848	2783	0.01	1	1231
04072017-F08_S548	NA18502	0.48053	0.41192	311848	630	0.00	1	385
04072017-F09_S549	NA18856	0.58086	0.26076	311848	5563	0.02	1	2339
04072017-F10_S550	NA19092	0.63486	0.08731	311848	3429	0.01	1	1587
04072017-F11_S551	NA19092	0.63854	0.09064	311848	3323	0.01	1	1546
04072017-F12_S552	NA18856	0.65967	0.22172	311848	6047	0.02	1	2501
04072017-G01_S553	NA18502	0.25638	0.13134	311848	709	0.00	1	427
04072017-G02_S554	NA18856	0.20462	0.08943	311848	2707	0.01	1	1299
04072017-G03_S555	NA18856	0.16884	0.05187	311848	4744	0.02	1	2127
04072017-G04_S556	NA19092	0.76362	0.04308	311848	5025	0.02	1	2119
04072017-G05_S557	NA19092	0.81860	0.02922	311848	3566	0.01	1	1597
04072017-G06_S558	NA18856	0.23776	0.05821	311848	2375	0.01	1	1114
04072017-G07_S559	NA19098	0.11123	0.18056	311848	2362	0.01	1	1159
04072017-G08_S560	NA18856	0.19391	0.06665	311848	3660	0.01	1	1687
04072017-G09_S561	NA18502	0.60992	0.15288	311848	4317	0.01	1	1998
04072017-G10_S562	NA18502	0.16507	0.11047	311848	3023	0.01	1	1350
04072017-G11_S563	NA19098	0.17603	0.09959	311848	4041	0.01	1	1818
04072017-G12_S564	NA19092	0.53687	0.15791	311848	555	0.00	1	338
04072017-H01_S565	NA19098	0.10142	0.08322	311848	5959	0.02	1	2434
04072017-H02_S566	NA18502	0.55190	0.41906	311848	501	0.00	1	367
04072017-H03_S567	NA18856	0.50007	0.18969	311848	4540	0.01	1	2046
04072017-H04_S568	NA19092	0.73443	0.06701	311848	3830	0.01	1	1706
04072017-H05_S569	NA19092	0.65301	0.06232	311848	3980	0.01	1	1813
04072017-H06_S570	NA18502	0.36283	0.08758	311848	1315	0.00	1	775
04072017-H07_S571	NA18502	0.28110	0.15113	311848	2408	0.01	1	1557
04072017-H08_S572	NA18856	0.55195	0.19620	311848	4423	0.01	1	1918
04072017-H09_S573	NA19092	0.71243	0.04456	311848	3354	0.01	1	1483
04072017-H10_S574	NA19092	0.77127	0.09681	311848	4785	0.02	1	1972
04072017-H11_S575	NA19257	0.72539	0.18567	311848	506	0.00	1	404
04072017-H12_S576	NA18502	0.31304	0.21835	311848	210	0.00	1	160
04132017-A01_S865	NA18862	0.14555	0.08012	311848	2093	0.01	1	1184
04132017-A02_S866	NA18862	0.16805	0.07778	311848	1636	0.01	1	864
04132017-A03_S867	NA18852	0.13475	0.08122	311848	1455	0.00	1	808
04132017-A04_S868	NA18874	0.82584	0.00000	311848	580	0.00	1	505
04132017-A05_S869	NA18852	0.14564	0.06963	311848	2621	0.01	1	1272
04132017-A06_S870	NA18498	0.22633	0.09829	311848	2146	0.01	1	1163
04132017-A07_S871	NA18862	0.52745	0.00000	311848	537	0.00	1	409
04132017-A08_S872	NA19203	0.76451	0.00000	311848	546	0.00	1	430
04132017-A09_S873	NA19203	0.18245	0.06712	311848	2841	0.01	1	1528
04132017-A10_S874	NA18852	0.47918	0.00000	311848	640	0.00	1	526
04132017-A11_S875	NA18852	0.10924	0.03896	311848	3095	0.01	1	1529
04132017-A12_S876	NA18520	0.16929	0.08548	311848	3206	0.01	1	1712
04132017-B01_S877	NA18520	0.47558	0.30049	311848	3847	0.01	1	1875
04132017-B02_S878	NA18923	0.58328	0.06696	311848	240	0.00	1	194
04132017-B03_S879	NA18862	0.26948	0.09348	311848	2261	0.01	1	1242
04132017-B04_S880	NA18523	0.91739	0.08568	311848	1793	0.01	1	1076
04132017-B05_S881	NA18520	0.12745	0.06416	311848	3029	0.01	1	1561
04132017-B06_S882	NA19117	0.49995	0.17413	311848	199	0.00	1	153
04132017-B07_S883	NA18862	0.46898	0.09307	311848	730	0.00	1	592
04132017-B08_S884	NA18520	0.33011	0.19735	311848	1815	0.01	1	1134
04132017-B09_S885	NA18852	0.59575	0.49992	311848	334	0.00	1	260
04132017-B10_S886	NA18852	0.32846	0.00000	311848	590	0.00	1	380
04132017-B11_S887	NA18852	0.16702	0.03659	311848	2418	0.01	1	1265
04132017-B12_S888	NA18520	0.06292	0.08385	311848	3589	0.01	1	1798
04132017-C01_S889	NA18520	0.14063	0.06997	311848	2387	0.01	1	1209
04132017-C02_S890	NA19203	0.33097	0.18868	311848	3061	0.01	1	1658
04132017-C03_S891	NA18862	0.24713	0.12654	311848	3685	0.01	1	1944
04132017-C04_S892	NA18862	0.16177	0.04875	311848	856	0.00	1	530
04132017-C05_S893	NA18520	0.16084	0.08443	311848	3979	0.01	1	2044
04132017-C06_S894	NA18498	0.25301	0.07706	311848	2548	0.01	1	1295
04132017-C07_S895	NA18862	0.09291	0.06405	311848	2898	0.01	1	1449
04132017-C08_S896	NA19203	0.37314	0.22139	311848	3322	0.01	1	1700
04132017-C09_S897	NA18520	0.63429	0.25744	311848	503	0.00	1	392
04132017-C10_S898	NA18852	0.17033	0.14693	311848	2141	0.01	1	1156
04132017-C11_S899	NA18498	0.16858	0.14486	311848	3214	0.01	1	1646
04132017-C12_S900	NA18862	0.22032	0.10346	311848	2264	0.01	1	1320
04132017-D01_S901	NA18852	0.28994	0.03628	311848	2038	0.01	1	1134
04132017-D02_S902	NA18862	0.39328	0.00000	311848	744	0.00	1	552
04132017-D03_S903	NA18862	0.24160	0.03309	311848	2339	0.01	1	1191
04132017-D04_S904	NA18522	0.48459	0.26098	311848	276	0.00	1	229
04132017-D05_S905	NA18520	0.12524	0.09950	311848	4428	0.01	1	2162
04132017-D06_S906	NA18862	0.20526	0.10730	311848	2491	0.01	1	1210
04132017-D07_S907	NA19203	0.17403	0.06464	311848	2232	0.01	1	1166
04132017-D08_S908	NA19203	0.46200	0.12835	311848	3324	0.01	1	1595
04132017-D09_S909	NA19203	0.56583	0.19103	311848	2775	0.01	1	1401
04132017-D10_S910	NA19203	0.18319	0.07558	311848	2870	0.01	1	1589
04132017-D11_S911	NA18862	0.64678	0.00000	311848	163	0.00	1	140
04132017-D12_S912	NA18852	0.18101	0.00000	311848	512	0.00	1	413
04132017-E01_S913	NA18852	0.23015	0.03697	311848	2275	0.01	1	1149
04132017-E02_S914	NA18852	0.40386	0.21247	311848	861	0.00	1	690
04132017-E03_S915	NA18520	0.15744	0.14635	311848	2294	0.01	1	1101
04132017-E04_S916	NA19203	0.14171	0.08768	311848	2595	0.01	1	1352
04132017-E05_S917	NA19203	0.10758	0.05804	311848	3970	0.01	1	1897
04132017-E06_S918	NA18520	0.06489	0.07823	311848	2255	0.01	1	1225
04132017-E07_S919	NA18862	0.33796	0.29313	311848	1057	0.00	1	624
04132017-E08_S920	NA18520	0.53930	0.21011	311848	3461	0.01	1	1763
04132017-E09_S921	NA18498	0.47363	0.24704	311848	3472	0.01	1	1829
04132017-E10_S922	NA18862	0.14912	0.03739	311848	1757	0.01	1	950
04132017-E11_S923	NA19203	0.08134	0.00000	311848	2507	0.01	1	1318
04132017-E12_S924	NA18862	0.31397	0.17183	311848	4877	0.02	1	2276
04132017-F01_S925	NA18498	0.13227	0.15074	311848	2269	0.01	1	1298
04132017-F02_S926	NA18862	0.31369	0.06575	311848	652	0.00	1	462
04132017-F03_S927	NA19203	0.47878	0.25181	311848	3953	0.01	1	1843
04132017-F04_S928	NA18498	0.13453	0.07735	311848	2881	0.01	1	1513
04132017-F05_S929	NA18862	0.47413	0.04713	311848	2040	0.01	1	1114
04132017-F06_S930	NA19203	0.15068	0.09188	311848	2976	0.01	1	1510
04132017-F07_S931	NA18856	0.74786	0.00000	311848	372	0.00	1	310
04132017-F08_S932	NA18862	0.41963	0.11382	311848	1843	0.01	1	1054
04132017-F09_S933	NA19203	0.17642	0.04811	311848	4087	0.01	1	2129
04132017-F10_S934	NA18862	0.47726	0.49991	311848	683	0.00	1	493
04132017-F11_S935	NA18862	0.18891	0.07100	311848	1828	0.01	1	955
04132017-F12_S936	NA18852	0.10655	0.03744	311848	2378	0.01	1	1220
04132017-G01_S937	NA18520	0.10528	0.10322	311848	2518	0.01	1	1262
04132017-G02_S938	NA18862	0.51761	0.22072	311848	4690	0.02	1	2421
04132017-G03_S939	NA19144	0.92077	0.05366	311848	2085	0.01	1	1078
04132017-G04_S940	NA18502	0.60536	0.49992	311848	166	0.00	1	144
04132017-G05_S941	NA18862	0.11558	0.01824	311848	1872	0.01	1	1103
04132017-G06_S942	NA18862	0.09620	0.05470	311848	3491	0.01	1	1806
04132017-G07_S943	NA18520	0.39498	0.00000	311848	508	0.00	1	449
04132017-G08_S944	NA18520	0.11001	0.10571	311848	2911	0.01	1	1601
04132017-G09_S945	NA19203	0.23518	0.05460	311848	2101	0.01	1	1140
04132017-G10_S946	NA18520	0.15624	0.13340	311848	4456	0.01	1	2228
04132017-G11_S947	NA18852	0.19956	0.13203	311848	1825	0.01	1	1099
04132017-G12_S948	NA18504	0.61981	0.49992	311848	234	0.00	1	199
04132017-H01_S949	NA18520	0.30613	0.17602	311848	2217	0.01	1	1286
04132017-H02_S950	NA19203	0.63776	0.00000	311848	506	0.00	1	422
04132017-H03_S951	NA19203	0.25466	0.07771	311848	1936	0.01	1	1004
04132017-H04_S952	NA18516	0.60025	0.49995	311848	234	0.00	1	198
04132017-H05_S953	NA18520	0.52136	0.49992	311848	497	0.00	1	388
04132017-H06_S954	NA18852	0.44024	0.49992	311848	290	0.00	1	247
04132017-H07_S955	NA18520	0.13981	0.09671	311848	3130	0.01	1	1559
04132017-H08_S956	NA18862	0.08929	0.06986	311848	4425	0.01	1	2218
04132017-H09_S957	NA18852	0.57274	0.02576	311848	787	0.00	1	636
04132017-H10_S958	NA18870	0.53557	0.00000	311848	142	0.00	1	110
04132017-H11_S959	NA18862	0.26618	0.00142	311848	1536	0.00	1	826
04132017-H12_S960	NA18498	0.12167	0.08430	311848	1896	0.01	1	1085
04142017-A01_S673	NA18862	0.65743	0.18979	311848	1041	0.00	1	716
04142017-A02_S674	NA18907	0.48874	0.00334	311848	349	0.00	1	278
04142017-A03_S675	NA18520	0.13404	0.06877	311848	4442	0.01	1	2000
04142017-A04_S676	NA18862	0.11316	0.05611	311848	5760	0.02	1	2570
04142017-A05_S677	NA18520	0.17293	0.07842	311848	3581	0.01	1	1530
04142017-A06_S678	NA18520	0.09803	0.13084	311848	3570	0.01	1	1525
04142017-A07_S679	NA18862	0.31952	0.21659	311848	1488	0.00	1	1066
04142017-A08_S680	NA18507	0.66041	0.15164	311848	629	0.00	1	498
04142017-A09_S681	NA19203	0.57562	0.15453	311848	687	0.00	1	510
04142017-A10_S682	NA18507	0.13508	0.07327	311848	4026	0.01	1	1851
04142017-A11_S683	NA18520	0.13054	0.12506	311848	4178	0.01	1	1764
04142017-A12_S684	NA18507	0.42749	0.15296	311848	1252	0.00	1	920
04142017-B01_S685	NA18520	0.19389	0.13201	311848	1633	0.01	1	814
04142017-B02_S686	NA19122	0.56416	0.49992	311848	302	0.00	1	232
04142017-B03_S687	NA18507	0.47564	0.49994	311848	805	0.00	1	656
04142017-B04_S688	NA18507	0.29273	0.21664	311848	827	0.00	1	661
04142017-B05_S689	NA18520	0.72989	0.49992	311848	324	0.00	1	251
04142017-B06_S690	NA18862	0.26016	0.09871	311848	733	0.00	1	528
04142017-B07_S691	NA18862	0.67394	0.49992	311848	394	0.00	1	335
04142017-B08_S692	NA18507	0.10061	0.05011	311848	3809	0.01	1	1854
04142017-B09_S693	NA18862	0.73437	0.08410	311848	825	0.00	1	587
04142017-B10_S694	NA18507	0.11275	0.07649	311848	3938	0.01	1	1950
04142017-B11_S695	NA19203	0.09769	0.05374	311848	4926	0.02	1	2119
04142017-B12_S696	NA19203	0.36015	0.04846	311848	985	0.00	1	610
04142017-C01_S697	NA18520	0.12774	0.12165	311848	4908	0.02	1	2339
04142017-C02_S698	NA18507	0.09375	0.08730	311848	4459	0.01	1	1921
04142017-C03_S699	NA18520	0.16379	0.10908	311848	3729	0.01	1	1684
04142017-C04_S700	NA18507	0.09078	0.07734	311848	5088	0.02	1	2295
04142017-C05_S701	NA18520	0.47332	0.14121	311848	1371	0.00	1	998
04142017-C06_S702	NA18520	0.09806	0.09248	311848	6260	0.02	1	2694
04142017-C07_S703	NA18862	0.13160	0.10577	311848	3185	0.01	1	1456
04142017-C08_S704	NA18486	0.74804	0.49992	311848	736	0.00	1	517
04142017-C09_S705	NA18520	0.08141	0.11156	311848	4743	0.02	1	2069
04142017-C10_S706	NA18507	0.13316	0.07728	311848	4119	0.01	1	1745
04142017-C11_S707	NA18520	0.15085	0.16457	311848	3872	0.01	1	1684
04142017-C12_S708	NA18507	0.46991	0.25946	311848	1233	0.00	1	770
04142017-D01_S709	NA18520	0.69398	0.06785	311848	466	0.00	1	367
04142017-D02_S710	NA18507	0.28262	0.12885	311848	4422	0.01	1	2064
04142017-D03_S711	NA19144	0.95236	0.04907	311848	3996	0.01	1	2286
04142017-D04_S712	NA18862	0.41024	0.28324	311848	729	0.00	1	534
04142017-D05_S713	NA18520	0.43547	0.06476	311848	1132	0.00	1	802
04142017-D06_S714	NA18520	0.11972	0.05010	311848	5747	0.02	1	2393
04142017-D07_S715	NA18507	0.10478	0.09853	311848	3732	0.01	1	1679
04142017-D08_S716	NA18520	0.14437	0.11823	311848	4971	0.02	1	2246
04142017-D09_S717	NA19203	0.54137	0.23973	311848	5612	0.02	1	2434
04142017-D10_S718	NA18520	0.15399	0.09184	311848	2964	0.01	1	1356
04142017-D11_S719	NA18862	0.30536	0.19020	311848	4178	0.01	1	1694
04142017-D12_S720	NA19203	0.09675	0.03760	311848	4619	0.01	1	2066
04142017-E01_S721	NA18520	0.09560	0.09358	311848	5722	0.02	1	2531
04142017-E02_S722	NA18520	0.10702	0.04557	311848	5473	0.02	1	2352
04142017-E03_S723	NA19203	0.10099	0.05605	311848	4021	0.01	1	1877
04142017-E04_S724	NA19192	0.95106	0.06540	311848	4368	0.01	1	2021
04142017-E05_S725	NA18862	0.53930	0.24003	311848	788	0.00	1	533
04142017-E06_S726	NA18498	0.14364	0.10132	311848	3725	0.01	1	1694
04142017-E07_S727	NA18862	0.14580	0.07736	311848	4926	0.02	1	2286
04142017-E08_S728	NA18507	0.23368	0.13195	311848	3076	0.01	1	1609
04142017-E09_S729	NA18498	0.10596	0.07533	311848	4024	0.01	1	1724
04142017-E10_S730	NA19127	0.68791	0.49992	311848	220	0.00	1	185
04142017-E11_S731	NA18517	0.63827	0.00000	311848	229	0.00	1	186
04142017-E12_S732	NA18520	0.07880	0.07565	311848	5102	0.02	1	2172
04142017-F01_S733	NA18520	0.58108	0.49992	311848	517	0.00	1	387
04142017-F02_S734	NA18520	0.19685	0.13022	311848	4888	0.02	1	2782
04142017-F03_S735	NA18520	0.21782	0.06000	311848	3920	0.01	1	1861
04142017-F04_S736	NA19203	0.41163	0.14509	311848	748	0.00	1	565
04142017-F05_S737	NA18507	0.10805	0.06555	311848	4966	0.02	1	2447
04142017-F06_S738	NA18862	0.10952	0.05005	311848	3745	0.01	1	1818
04142017-F07_S739	NA19203	0.69911	0.49992	311848	991	0.00	1	653
04142017-F08_S740	NA18520	0.15955	0.20960	311848	2333	0.01	1	1644
04142017-F09_S741	NA18520	0.07615	0.05900	311848	5903	0.02	1	2535
04142017-F10_S742	NA18862	0.16593	0.10965	311848	3864	0.01	1	1723
04142017-F11_S743	NA18498	0.14031	0.12828	311848	4111	0.01	1	1762
04142017-F12_S744	NA18520	0.56870	0.38355	311848	917	0.00	1	608
04142017-G01_S745	NA19203	0.72490	0.20742	311848	1122	0.00	1	728
04142017-G02_S746	NA19203	0.70116	0.17530	311848	2542	0.01	1	1808
04142017-G03_S747	NA18507	0.54469	0.20146	311848	632	0.00	1	475
04142017-G04_S748	NA18520	0.17645	0.14257	311848	4833	0.02	1	2221
04142017-G05_S749	NA19204	0.77039	0.00000	311848	269	0.00	1	212
04142017-G06_S750	NA18523	0.95561	0.05304	311848	4815	0.02	1	2171
04142017-G07_S751	NA18862	0.14447	0.06183	311848	4928	0.02	1	2185
04142017-G08_S752	NA18507	0.63431	0.15504	311848	1698	0.01	1	1151
04142017-G09_S753	NA19203	0.28427	0.09485	311848	1056	0.00	1	754
04142017-G10_S754	NA18520	0.14543	0.15791	311848	4951	0.02	1	2138
04142017-G11_S755	NA18498	0.14112	0.09693	311848	3872	0.01	1	1747
04142017-G12_S756	NA18498	0.44725	0.28845	311848	835	0.00	1	568
04142017-H01_S757	NA18874	0.82555	0.00478	311848	923	0.00	1	664
04142017-H02_S758	NA19144	0.70519	0.38926	311848	271	0.00	1	219
04142017-H03_S759	NA18520	0.31339	0.24966	311848	769	0.00	1	570
04142017-H04_S760	NA18498	0.10585	0.09377	311848	4912	0.02	1	2215
04142017-H05_S761	NA18520	0.04477	0.06374	311848	5014	0.02	1	2214
04142017-H06_S762	NA18520	0.13042	0.09725	311848	4910	0.02	1	2191
04142017-H07_S763	NA18507	0.60634	0.27288	311848	837	0.00	1	601
04142017-H08_S764	NA19203	0.63209	0.15994	311848	895	0.00	1	663
04142017-H09_S765	NA18862	0.53812	0.16268	311848	1085	0.00	1	828
04142017-H10_S766	NA18507	0.13943	0.07448	311848	4050	0.01	1	1739
04142017-H11_S767	NA19203	0.12189	0.02978	311848	4218	0.01	1	1881
04142017-H12_S768	NA18862	0.10075	0.05315	311848	5313	0.02	1	2347
04202017-A01_S1057	NA18856	0.39001	0.22367	311848	4229	0.01	1	1904
04202017-A02_S1058	NA18862	0.48290	0.20314	311848	3794	0.01	1	1709
04202017-A03_S1059	NA18856	0.12429	0.07376	311848	4383	0.01	1	2020
04202017-A04_S1060	NA18856	0.21350	0.06060	311848	4110	0.01	1	1907
04202017-A05_S1061	NA18856	0.64648	0.31214	311848	416	0.00	1	306
04202017-A06_S1062	NA18508	0.28332	0.13879	311848	3027	0.01	1	1526
04202017-A07_S1063	NA19190	0.28949	0.15406	311848	1364	0.00	1	867
04202017-A08_S1064	NA18856	0.17005	0.05417	311848	3888	0.01	1	1761
04202017-A09_S1065	NA18862	0.60616	0.18887	311848	970	0.00	1	605
04202017-A10_S1066	NA18498	0.10885	0.14161	311848	3706	0.01	1	1765
04202017-A11_S1067	NA18862	0.48479	0.14456	311848	1505	0.00	1	792
04202017-A12_S1068	NA18862	0.23563	0.07794	311848	2872	0.01	1	1448
04202017-B01_S1069	NA18508	0.54933	0.24461	311848	4046	0.01	1	1840
04202017-B02_S1070	NA19190	0.33462	0.16137	311848	887	0.00	1	631
04202017-B03_S1071	NA18508	0.30599	0.19211	311848	1886	0.01	1	973
04202017-B04_S1072	NA18508	0.08434	0.10239	311848	2215	0.01	1	1121
04202017-B05_S1073	NA18498	0.58213	0.35069	311848	7025	0.02	1	2820
04202017-B06_S1074	NA18508	0.06888	0.06960	311848	3642	0.01	1	1679
04202017-B07_S1075	NA19190	0.65197	0.10138	311848	497	0.00	1	339
04202017-B08_S1076	NA18856	0.22587	0.11013	311848	2260	0.01	1	1115
04202017-B09_S1077	NA18856	0.69257	0.02569	311848	675	0.00	1	457
04202017-B10_S1078	NA18508	0.21597	0.09290	311848	2750	0.01	1	1479
04202017-B11_S1079	NA18856	0.19047	0.09307	311848	1935	0.01	1	1337
04202017-B12_S1080	NA18856	0.25439	0.07564	311848	2667	0.01	1	1279
04202017-C01_S1081	NA18508	0.11748	0.06419	311848	3118	0.01	1	1483
04202017-C02_S1082	NA18508	0.33659	0.49992	311848	1345	0.00	1	724
04202017-C03_S1083	NA18508	0.10477	0.07230	311848	3842	0.01	1	1812
04202017-C04_S1084	NA18508	0.53573	0.29703	311848	4849	0.02	1	2169
04202017-C05_S1085	NA19190	0.15914	0.12578	311848	1226	0.00	1	689
04202017-C06_S1086	NA18508	0.14870	0.08689	311848	2371	0.01	1	1169
04202017-C07_S1087	NA18508	0.38776	0.23919	311848	4422	0.01	1	2016
04202017-C08_S1088	NA19190	0.15392	0.11858	311848	2478	0.01	1	1211
04202017-C09_S1089	NA18856	0.39274	0.12659	311848	1139	0.00	1	709
04202017-C10_S1090	NA18856	0.17783	0.07010	311848	3077	0.01	1	1441
04202017-C11_S1091	NA19190	0.57996	0.27824	311848	742	0.00	1	436
04202017-C12_S1092	NA19190	0.29496	0.17167	311848	2299	0.01	1	1176
04202017-D01_S1093	NA19190	0.34100	0.10528	311848	1930	0.01	1	1048
04202017-D02_S1094	NA18856	0.27224	0.09833	311848	3144	0.01	1	1572
04202017-D03_S1095	NA18856	0.57528	0.15618	311848	3370	0.01	1	1495
04202017-D04_S1096	NA19190	0.22968	0.14616	311848	2162	0.01	1	1026
04202017-D05_S1097	NA18862	0.10241	0.06340	311848	5167	0.02	1	2278
04202017-D06_S1098	NA19190	0.69693	0.16876	311848	559	0.00	1	397
04202017-D07_S1099	NA18498	0.10182	0.10576	311848	4252	0.01	1	1774
04202017-D08_S1100	NA18856	0.13134	0.03849	311848	1995	0.01	1	947
04202017-D09_S1101	NA19190	0.16996	0.09906	311848	2204	0.01	1	1050
04202017-D10_S1102	NA18856	0.53307	0.17320	311848	3752	0.01	1	1768
04202017-D11_S1103	NA19190	0.11991	0.08092	311848	2563	0.01	1	1449
04202017-D12_S1104	NA18508	0.12659	0.04707	311848	3028	0.01	1	1387
04202017-E01_S1105	NA18508	0.07946	0.07911	311848	4887	0.02	1	2267
04202017-E02_S1106	NA18508	0.08127	0.08151	311848	3038	0.01	1	1486
04202017-E03_S1107	NA18856	0.16665	0.03936	311848	2299	0.01	1	1140
04202017-E04_S1108	NA18508	0.20494	0.13695	311848	1451	0.00	1	744
04202017-E05_S1109	NA19190	0.10776	0.10338	311848	2346	0.01	1	1070
04202017-E06_S1110	NA18856	0.26910	0.12126	311848	1112	0.00	1	606
04202017-E07_S1111	NA18508	0.54296	0.13521	311848	326	0.00	1	234
04202017-E08_S1112	NA18856	0.42995	0.27346	311848	705	0.00	1	470
04202017-E09_S1113	NA19190	0.21100	0.08830	311848	2766	0.01	1	1289
04202017-E10_S1114	NA18856	0.18702	0.08405	311848	1770	0.01	1	894
04202017-E11_S1115	NA18498	0.46464	0.17064	311848	372	0.00	1	285
04202017-E12_S1116	NA18508	0.09687	0.08049	311848	3950	0.01	1	1814
04202017-F01_S1117	NA18508	0.27875	0.10933	311848	3692	0.01	1	1885
04202017-F02_S1118	NA18862	0.26431	0.12106	311848	3219	0.01	1	1643
04202017-F03_S1119	NA18498	0.08671	0.05335	311848	3862	0.01	1	1850
04202017-F04_S1120	NA18856	0.17195	0.13910	311848	1612	0.01	1	1141
04202017-F05_S1121	NA18856	0.30261	0.12557	311848	790	0.00	1	453
04202017-F06_S1122	NA19190	0.25506	0.14540	311848	1962	0.01	1	1006
04202017-F07_S1123	NA19190	0.77352	0.25980	311848	832	0.00	1	569
04202017-F08_S1124	NA18856	0.27292	0.09376	311848	4546	0.01	1	2123
04202017-F09_S1125	NA18862	0.12533	0.07445	311848	4020	0.01	1	1800
04202017-F10_S1126	NA18856	0.26326	0.12157	311848	3330	0.01	1	1491
04202017-F11_S1127	NA18511	0.63103	0.35617	311848	252	0.00	1	191
04202017-F12_S1128	NA18856	0.19868	0.08138	311848	3378	0.01	1	1531
04202017-G01_S1129	NA18856	0.33287	0.15311	311848	5009	0.02	1	2241
04202017-G02_S1130	NA18508	0.53175	0.22912	311848	4456	0.01	1	2052
04202017-G03_S1131	NA18498	0.09770	0.09841	311848	3281	0.01	1	1556
04202017-G04_S1132	NA18508	0.22427	0.14121	311848	3577	0.01	1	1771
04202017-G05_S1133	NA19190	0.39146	0.19673	311848	3698	0.01	1	1767
04202017-G06_S1134	NA18862	0.22803	0.11569	311848	2172	0.01	1	1049
04202017-G07_S1135	NA18508	0.67652	0.08007	311848	706	0.00	1	516
04202017-G08_S1136	NA18856	0.23381	0.10494	311848	3208	0.01	1	1356
04202017-G09_S1137	NA18508	0.48705	0.19541	311848	1250	0.00	1	731
04202017-G10_S1138	NA18856	0.45959	0.20365	311848	4746	0.02	1	2092
04202017-G11_S1139	NA18488	0.62392	0.08220	311848	259	0.00	1	200
04202017-G12_S1140	NA18498	0.19611	0.11177	311848	3389	0.01	1	1660
04202017-H01_S1141	NA18913	0.24976	0.00000	311848	69	0.00	1	59
04202017-H02_S1142	NA18858	0.48950	0.49992	311848	58	0.00	1	54
04202017-H03_S1143	NA18508	0.62053	0.00000	311848	84	0.00	1	70
04202017-H04_S1144	NA19190	0.36856	0.14576	311848	633	0.00	1	372
04202017-H05_S1145	NA18508	0.08554	0.09371	311848	2237	0.01	1	1084
04202017-H06_S1146	NA18508	0.56745	0.15442	311848	3632	0.01	1	1659
04202017-H07_S1147	NA18862	0.40769	0.18176	311848	571	0.00	1	385
04202017-H08_S1148	NA18508	0.58985	0.49992	311848	597	0.00	1	435
04202017-H09_S1149	NA18508	0.33766	0.22701	311848	621	0.00	1	429
04202017-H10_S1150	NA18862	0.05130	0.04007	311848	1906	0.01	1	908
04202017-H11_S1151	NA18519	0.60452	0.49995	311848	198	0.00	1	148
04202017-H12_S1152	NA18508	0.54565	0.49992	311848	191	0.00	1	147
